Eigvals	50
6.8280752518970615	1.0558683050121818	0.26891193161805854	0.2013745532363337	0.11679533961618793	0.10199552773282627	0.09273311837233605	0.07520125649531939	0.06392820613610528	0.04936360556366154	0.0440759184468818	0.027413349826672317	0.024388416329720886	0.0155982120552689	0.014618736472804011	0.012026723707720371	0.008033122886240307	0.006743069216554459	0.006214758778726792	0.004583408383490362	0.0028597908112053816	0.0016611476012353688	0.0009672613506894511	0.0008294592012433187	0.0004674053247619714	0.00016634002397592935	5.852554063597819e-05	0.0	0.0	0.0	0.0	0.0	0.0	0.0	0.0	0.0	0.0	0.0	0.0	0.0	0.0	0.0	0.0	0.0	0.0	0.0	0.0	0.0	0.0	0.0

Proportion explained	50
0.7565773968427303	0.11699433063408564	0.02979649193922039	0.022313086727564088	0.012941379634857931	0.011301502695106144	0.010275191574632705	0.008332592828809812	0.00708349483550905	0.005469680227345187	0.004883783850028523	0.0030375061910515	0.002702331749306728	0.0017283427960020602	0.0016198130772871976	0.0013326079428907566	0.0008901013796092646	0.000747158396236731	0.0006886195370369224	0.0005078595439446633	0.0003168759873956272	0.0001840616398545146	0.00010717633414597884	9.190731796483446e-05	5.1790334879597845e-05	1.843112409979679e-05	6.4848584044060784e-06	0.0	0.0	0.0	0.0	0.0	0.0	0.0	0.0	0.0	0.0	0.0	0.0	0.0	0.0	0.0	0.0	0.0	0.0	0.0	0.0	0.0	0.0	0.0

Species	0	0

Site	50	50
G4-A1	-0.24390377494788396	-0.08952161667674921	0.034962511668104095	0.018271226702384718	0.004357942992650275	0.037011713910686896	0.003875118643284747	-0.04003654979189323	-0.003948157242582336	-0.028285171984551237	-0.0002656868825230477	0.020117191498813494	-0.001862376823862351	-0.0010717837166050366	0.023732392239065734	-0.026407720223893608	-0.015588761875259679	-0.022632646940780307	0.0003247486213073086	-0.005638687597377542	0.006164458204914846	0.00942454795219554	0.0009899341516917436	-0.0011940913121104876	-0.004496415844087996	-0.0004111157330849769	0.0008506187088193568	-0.0	0.0	0.0	0.0	0.0	0.0	0.0	0.0	0.0	0.0	0.0	0.0	0.0	0.0	0.0	0.0	0.0	0.0	0.0	0.0	0.0	0.0	0.0
G4-A10	-0.28442484517862293	0.2703074168343951	-0.018105939159921015	0.055096382353455556	-0.007373372973686997	0.04671027159577399	-0.011747498748704089	-0.044073765909177144	-0.017336208695334927	0.005329568061028205	-0.017205233672314506	0.05898151579137118	-0.006668932834747117	0.020033635216963767	0.02211115390957489	-0.0066582073353784925	0.0004956994986471448	-0.003984259253302698	-0.0009193620798468041	-0.01240328467466996	0.006644383723036759	-0.0017521511098633215	0.0011557917340735656	0.0011557226312418705	0.003194224188972684	0.0006276005118191651	-0.0002200437760503309	-0.0	0.0	0.0	0.0	0.0	0.0	0.0	0.0	0.0	0.0	0.0	0.0	0.0	0.0	0.0	0.0	0.0	0.0	0.0	0.0	0.0	0.0	0.0
G4-A11	-0.3726111750537038	0.08922391042922159	0.09330534476366059	-0.05072838317456908	-0.14562865965251284	0.09392821533169672	0.0022674341561488716	0.0011343618235794013	0.03892005667029838	0.002725908037017506	-0.007733858390846193	0.003196292104525392	-0.00629743617327603	0.004300321276854661	-0.007416676267177409	-0.0038965683905514844	-0.002468353449188411	-0.010444218890585338	0.005008277911531257	-0.01064026752174853	0.001973754128796408	-0.00465986976476214	0.00036272448039779726	-0.00040526787252296	-0.000524070586809498	8.656438711920274e-05	-5.086920123596934e-05	-0.0	0.0	0.0	0.0	0.0	0.0	0.0	0.0	0.0	0.0	0.0	0.0	0.0	0.0	0.0	0.0	0.0	0.0	0.0	0.0	0.0	0.0	0.0
G4-A2	-0.17816855209842242	-0.07705973373262272	0.04151290910232255	-0.048167994265126246	0.058031738801633884	-0.037644671203258095	0.021217315902457293	0.0014185731740610132	0.02973459737967758	-0.01618486903767394	0.030957129793733416	0.0023180332243371185	0.009442144876840412	0.02853752297837942	-0.015995510539140962	0.0030389606518397404	0.007428904105004797	0.0067077330533475464	0.01165049865394683	0.014060553536387617	-0.012399939520680504	0.011859860025212856	-0.009574577376592076	0.0016424760169796854	0.0007701067792200781	0.00023102535600225086	-0.00016221520263070042	-0.0	0.0	0.0	0.0	0.0	0.0	0.0	0.0	0.0	0.0	0.0	0.0	0.0	0.0	0.0	0.0	0.0	0.0	0.0	0.0	0.0	0.0	0.0
G4-A4	-0.2641245193337992	-0.12059472667344226	-0.1818066214786577	-0.125454772922433	-0.010062269573070068	0.06937062673470906	0.03641436099149997	-0.08638415420814832	0.08243617355248797	-0.00019584274420963822	0.030247957560719612	0.010320889579474425	0.022817430373085163	0.005091627012368796	-0.010823628959835798	-0.004851814183979121	-0.0032503972005362212	-0.0013886889472758941	0.004452015665734134	-0.0008774927329224698	0.0006709509784678872	-0.0015603159442520785	-0.00011785799664148731	-0.0005778189777221083	-0.0010816516623946668	-0.00027185888247201054	-1.1433756300432146e-05	-0.0	0.0	0.0	0.0	0.0	0.0	0.0	0.0	0.0	0.0	0.0	0.0	0.0	0.0	0.0	0.0	0.0	0.0	0.0	0.0	0.0	0.0	0.0
G4-A5	-0.23205597240315032	-0.07906114097131106	0.008260278613881107	0.0507488295624336	0.10537891953656778	0.0373937736162806	0.059583306459127267	0.005143873477993921	0.009009168907117724	-0.01857350268171502	-0.10536719059135834	-0.035776158491314984	-0.04994039618943266	-0.005950054357839694	0.009415347605142847	-0.00020153076708380569	0.007610194603824086	0.004019010166740254	0.00870094204570236	0.0031806115502149945	-0.0015754629655641934	-0.0006336802835521497	-0.0012542836348318773	-0.0006175024256940691	-0.001957411476441486	-1.6895569970391858e-05	5.829363511008197e-05	-0.0	0.0	0.0	0.0	0.0	0.0	0.0	0.0	0.0	0.0	0.0	0.0	0.0	0.0	0.0	0.0	0.0	0.0	0.0	0.0	0.0	0.0	0.0
G4-A6	-0.2160880630830891	-0.09852301099564124	-0.35090534796633616	-0.11011807601877797	-0.03857436977888496	-0.030431582248636204	-0.01515915863614069	0.029066452597790924	-0.06461060128721083	-0.045490111966395706	-0.007073112351844975	0.011770588207302911	0.01213173114516371	0.00018053934599627006	0.00541585732650442	0.011262653255775856	-0.00024026512665014323	0.0012337569129235542	-0.0020195756464233532	-0.002258954197008204	0.0031626155964797134	0.0015486404783982954	-0.0006870241007526283	-0.00039710819453079227	-0.001145108189287235	-0.00012920626247959257	9.44161823544439e-05	-0.0	0.0	0.0	0.0	0.0	0.0	0.0	0.0	0.0	0.0	0.0	0.0	0.0	0.0	0.0	0.0	0.0	0.0	0.0	0.0	0.0	0.0	0.0
G4-A7	-0.3291106572719778	-0.08679668507876201	0.06752321929594533	-0.051017810466678734	-0.06575329021388576	-0.0003451641590406734	-0.029860942246332258	-0.013969670376018721	-0.028476052217177927	0.05095312077826868	-0.033909054534372714	0.011037781088499187	0.01121137571472273	0.01011867324803083	-0.04811810139527782	-0.00902564828863914	0.0012055213751869093	0.008199784222376216	-0.0021742643335785506	0.017281306987761754	-0.011836751114071467	-0.0008750036420944414	-0.0034648382649261665	-0.00021707074589962625	-0.002028209609715647	-0.0008757638017069002	-6.33476321060111e-06	-0.0	0.0	0.0	0.0	0.0	0.0	0.0	0.0	0.0	0.0	0.0	0.0	0.0	0.0	0.0	0.0	0.0	0.0	0.0	0.0	0.0	0.0	0.0
G4-B1	-0.2772298750635586	-0.08461280800899972	0.0063650195411756065	0.05298542184260911	0.06661857617341498	0.020809941825353357	0.01937837825202197	-0.016522856381649763	-0.0046577653572564565	-0.03222523226618591	0.022453246977319898	0.00298184289236591	-0.019526633596540454	-0.01760135798382918	-0.037297675038690255	0.022397788651126096	0.013521264882383338	0.004181424949631612	-0.004178242547103008	-0.01724356848760612	0.005897414133304328	0.01072247298457307	-0.0030979201361663045	0.0025017865961561915	0.0038470404245670928	0.0010206381664606362	0.00013651506295146585	-0.0	0.0	0.0	0.0	0.0	0.0	0.0	0.0	0.0	0.0	0.0	0.0	0.0	0.0	0.0	0.0	0.0	0.0	0.0	0.0	0.0	0.0	0.0
G4-B10	-0.2587362066541898	0.23040622580332976	-0.020202427931196122	0.02530378202739439	0.03592587115689556	-0.06937135109716702	-0.0010072013208153076	0.015983810466494122	0.00932671860013089	0.024731389147636184	-0.01881324124491974	0.0037946307354150446	0.029165789467234426	-0.04377048034612684	-0.00858529172629272	0.004404241763512757	-0.00727147873403026	-0.003991346474965871	-0.002080426454325537	0.004519463849257121	-0.00012251113150519953	0.0006858390315382821	0.008546437741686968	0.0021178851890815303	0.00787673704433539	0.0005025202883203045	-0.00040311800945104834	-0.0	0.0	0.0	0.0	0.0	0.0	0.0	0.0	0.0	0.0	0.0	0.0	0.0	0.0	0.0	0.0	0.0	0.0	0.0	0.0	0.0	0.0	0.0
G4-B11	-0.27134707312837125	0.24068754625895109	-0.021715514750236253	0.05782090434580074	-0.0033113114341490513	0.027151808410491515	-0.006987248728110024	-0.06312868386694157	-0.04454688586136761	-0.012353024420680914	-0.013063445013627502	-0.0234189884519682	0.03833763011782125	-0.026381857396374574	0.0037330984292059943	0.014198385444200854	-0.0070623087896210385	0.0021154382716199725	-0.00848524271539962	0.013099873340525823	-0.005956669465040239	0.007574050675071012	-0.0005798694664127437	-0.0019113846003293647	-0.004739229033217465	-0.0010600415128170506	0.0005115047890388763	-0.0	0.0	0.0	0.0	0.0	0.0	0.0	0.0	0.0	0.0	0.0	0.0	0.0	0.0	0.0	0.0	0.0	0.0	0.0	0.0	0.0	0.0	0.0
G4-B2	-0.22771991725714716	-0.0743236383561335	0.017271453185861756	0.09031722816977433	-0.006051899594841441	-0.036108550088196585	-0.026822560097861988	-0.028539200418791554	0.01353058384167328	-0.03282263141378877	0.02795001870598676	-0.00631082921675015	-0.007522439787879058	0.03540456523956036	0.021429009419171037	-0.0016268803340448864	-0.0007323933369296743	0.003109916053737653	-0.004316678347439944	0.01586626842749463	0.001872725852189884	-0.001997695923482578	0.009533648942935286	-0.0024869920171898697	-0.0015284944713970137	0.0005246868932113444	0.0005363908591768694	-0.0	0.0	0.0	0.0	0.0	0.0	0.0	0.0	0.0	0.0	0.0	0.0	0.0	0.0	0.0	0.0	0.0	0.0	0.0	0.0	0.0	0.0	0.0
G4-B3	-0.3262919972597915	-0.08717440096311707	0.043157021264122235	0.012270152866232753	-0.0290452706736352	0.044429077966344606	-0.014404266808683423	0.0029869023636901154	-0.04758694026199147	0.035184748716985036	0.053478728644711565	-0.06201407714043506	0.016372387291291243	-0.007377527876068126	0.032367899149210885	-0.005379949953073246	-0.0021141675253203234	0.002360719282218742	0.000701765265534178	0.004202439539621418	-0.0034199586256586315	-0.0026025255898632516	-0.00020815511937602078	-0.0007389203991632514	-0.0012376565782352684	-0.00019156432847298042	5.166017686707144e-05	-0.0	0.0	0.0	0.0	0.0	0.0	0.0	0.0	0.0	0.0	0.0	0.0	0.0	0.0	0.0	0.0	0.0	0.0	0.0	0.0	0.0	0.0	0.0
G4-B4	-0.30456796575530176	-0.06368845379997744	-0.23596926738720533	0.09110501953030867	-0.006481672243377799	0.030852753693396084	0.005363280846516395	0.019763820051291014	0.04011604465918952	0.06966172809716582	-0.043715040266078746	-0.017328166602411262	-0.029885038479483268	0.011607802567014668	-0.0036654149078204864	-0.006115115712257996	0.0021762103511565882	0.00012506437515171276	-0.00316210786293084	0.0032597368527460713	-0.0035596877355775196	-0.002869908866183984	0.0009180889481148285	0.0005217032299669954	0.0016318862991578252	9.977705112578637e-05	-0.00015198879546263387	-0.0	0.0	0.0	0.0	0.0	0.0	0.0	0.0	0.0	0.0	0.0	0.0	0.0	0.0	0.0	0.0	0.0	0.0	0.0	0.0	0.0	0.0	0.0
G4-B5	-0.26820721141446663	-0.09039108369064565	0.012344110318701496	0.07025621911505311	0.017023632906584086	0.01873625652841623	-0.01146739916786759	-0.00774489671289358	-0.020431474379571376	-0.029339065698982675	0.037408326591036475	0.044420692494559	-0.025408337143916264	-0.04457462324029657	0.022980830053268186	-0.003765156607701053	0.010847926978749523	0.013834473358770426	-0.003878797358502742	0.0011324192441396774	-0.0009354344967000281	-0.0003945794190225193	-0.009697991071454302	0.0012006687685635219	-0.001296545422501506	-0.0003594263369522705	-0.0006159053655989532	-0.0	0.0	0.0	0.0	0.0	0.0	0.0	0.0	0.0	0.0	0.0	0.0	0.0	0.0	0.0	0.0	0.0	0.0	0.0	0.0	0.0	0.0	0.0
G4-B6	-0.21037753375529256	-0.08855435785637088	0.04430367413324844	-0.03918484170012541	0.006962739936459237	-0.06362605235549611	-0.014313089785697704	0.011221645447224015	0.030810539810143995	-0.005531907209092953	0.044355099959380695	-0.02134549759178021	-0.020530612389217277	-0.0037625164330112107	-0.005851295619618597	0.009380717539150851	0.003182972714466014	-0.020318263885055282	0.014167626100920235	-0.019668916040690654	-0.0017331240170202435	-0.0002462672933031647	0.008237297480844126	-0.0007571196940691772	0.0011917829563473465	-0.0006676886852737843	0.0002642220683362372	-0.0	0.0	0.0	0.0	0.0	0.0	0.0	0.0	0.0	0.0	0.0	0.0	0.0	0.0	0.0	0.0	0.0	0.0	0.0	0.0	0.0	0.0	0.0
G4-B7	-0.33490020818735605	-0.09801069880660103	0.03573902994926754	0.0682247203278416	-0.0898837187531698	-0.07418122362975348	-0.09380038269832691	-0.016511517947726685	-0.03390928069514571	0.0643714402680932	-0.02518518310363687	-0.004162967499241594	-0.0207273722889202	0.006884953287864416	-0.009369432275243787	0.00771576849433728	0.006220329619392992	0.007348549772419284	-0.0030619387987197945	-0.003476765606296061	0.005688947291358196	0.0006099895919750498	0.00014639576586016455	0.0009559136027401539	0.0019209380326707694	0.00026692446849773	-0.00011276036448793592	-0.0	0.0	0.0	0.0	0.0	0.0	0.0	0.0	0.0	0.0	0.0	0.0	0.0	0.0	0.0	0.0	0.0	0.0	0.0	0.0	0.0	0.0	0.0
G4-B9	-0.31373235182185466	0.27646743231139104	-0.004618893922202253	-0.0036956929473599956	0.022007681660918866	-0.04863223939030215	-0.019724952119428957	-0.008862608300422917	0.02371530250021712	-0.017028648321174455	0.02043966198624951	0.019394500692017338	-0.03351457016513406	0.02202274830640615	-0.022895537670220536	-0.023642770140156272	0.0017661026749558877	-0.0008773759560869646	-0.012764121609098202	0.007754784261207067	-0.010034429330565796	0.0027004341241950143	-0.0026233816597882173	0.00035064455943563974	-0.00019222787872602982	0.00031915336888117444	0.00011223831857352	-0.0	0.0	0.0	0.0	0.0	0.0	0.0	0.0	0.0	0.0	0.0	0.0	0.0	0.0	0.0	0.0	0.0	0.0	0.0	0.0	0.0	0.0	0.0
G4-C1	-0.2593322487069299	-0.09392328421970542	0.05613612698228087	-0.06515120091881749	-0.03607943393157219	-0.0007785392481503207	-0.017446912793633217	-0.04280114100421772	-0.003215017000708193	0.015603664962018749	-0.018217056581222323	0.012842099965953133	0.016562479646202055	-0.021359892681030525	-0.013019335089926353	-0.026225712308887004	-0.006668714080436677	0.0030023554424261885	0.009153133664758097	0.002361407655451347	0.01716987861923675	0.006123113094861192	0.0003938306713982226	0.00285846277168961	0.005596753830033122	0.001717294188822969	-0.0003769788316770373	-0.0	0.0	0.0	0.0	0.0	0.0	0.0	0.0	0.0	0.0	0.0	0.0	0.0	0.0	0.0	0.0	0.0	0.0	0.0	0.0	0.0	0.0	0.0
G4-C10	-0.2863647368570307	0.26018389531573766	-0.012578736617580168	-0.08352701855939941	0.0047034657209477845	0.019782511771051874	0.00817026848823459	0.093137030442952	-0.06652707614172221	0.009860094242758587	0.05506831575039827	-0.030242954855406977	0.002812637947269992	0.0048712501076738635	0.010973687551060705	0.006989986726166362	0.006591225650540525	0.010147921183424686	0.0004463935990561872	0.0018443129521233314	0.0016437312669579335	-0.0026036319346715094	0.00025885201136003304	0.00010443600503284761	0.0006290181426942932	0.00018040731595979934	-7.708466971630121e-05	-0.0	0.0	0.0	0.0	0.0	0.0	0.0	0.0	0.0	0.0	0.0	0.0	0.0	0.0	0.0	0.0	0.0	0.0	0.0	0.0	0.0	0.0	0.0
G4-C2	-0.3026309504075679	-0.07368201636449499	0.01203800581456649	0.06567060644628851	0.07391350947656408	0.07309014911639537	0.03292446848734293	0.02380293786185108	-0.09548663232992563	0.013319203433536951	0.018192346956355854	-0.03169624699557242	0.027593497380474796	0.0427857904032211	-0.017477443475382777	-0.009072404003393212	-0.011794000030651251	-0.013871425552443552	6.288347858890095e-05	-0.009234985876350308	0.008319895450181195	0.0033701864584460978	-0.0026581016446099587	0.0024680275261944468	0.00366791730071779	0.0006528338971612014	-0.00044377584821983973	-0.0	0.0	0.0	0.0	0.0	0.0	0.0	0.0	0.0	0.0	0.0	0.0	0.0	0.0	0.0	0.0	0.0	0.0	0.0	0.0	0.0	0.0	0.0
G4-C3	-0.27393462165182575	-0.10763786628606117	0.07665443625594603	-0.04085073762595318	-0.03201676789245946	0.04403260794014427	-0.0013570426169239051	-0.08349067094825785	0.053786072019742025	0.013086386142265073	0.012229697302829688	-0.024973089924962312	0.006359352346422956	0.0005708463918646013	0.028954186701953995	0.04024860974110623	0.01419143149838638	0.017496262375551085	0.0037688555895159645	-0.0021058050490930834	-0.00028079914721688054	0.0004424661772161908	-0.0012684517496801425	0.0003613002181086192	0.0012380216110358731	-3.8980673957686964e-05	-0.00018099803106439176	-0.0	0.0	0.0	0.0	0.0	0.0	0.0	0.0	0.0	0.0	0.0	0.0	0.0	0.0	0.0	0.0	0.0	0.0	0.0	0.0	0.0	0.0	0.0
G4-C4	-0.30539028901281456	-0.09483418579643417	0.05434152150508835	0.014939807788829185	0.03626203329710816	0.024000179182143876	0.017601877202253813	-0.00962823011668101	-0.01975584769617254	-0.013958146050569088	-0.04397150582078692	0.027277675180735893	0.0052347775442363785	0.020034647573626007	0.015015697319509315	0.012909703655638134	-0.01055523742314944	-0.014495007073124223	-0.023118943360175247	-0.004478838128263175	-0.017200728972082087	-0.007527885241506071	0.004449658304191967	-0.0008659292329041638	0.0016303256107142918	-0.0009789833572756191	-0.00025851346490644487	-0.0	0.0	0.0	0.0	0.0	0.0	0.0	0.0	0.0	0.0	0.0	0.0	0.0	0.0	0.0	0.0	0.0	0.0	0.0	0.0	0.0	0.0	0.0
G4-C5	-0.23385076803001095	-0.11875584288569452	0.09379365015722331	-0.15644621017921295	-0.052286848159145805	-0.058747067296553386	-0.023521332404049217	0.015760961486791143	-0.07930349735470128	-0.07106373046219817	-0.06710572241658368	0.0065737241421558205	-0.014403754977119444	0.003104896149073258	0.0016239527289138357	0.008858687574336489	0.0041113964917669395	0.0025260914559006482	0.003797285523702723	-0.004596605877002361	0.003220722438923611	-0.0016074295380923082	-0.0005048524432554499	-0.0013330296918958166	-0.0027201396666119964	-0.00016417519039053487	0.00018885456602320223	-0.0	0.0	0.0	0.0	0.0	0.0	0.0	0.0	0.0	0.0	0.0	0.0	0.0	0.0	0.0	0.0	0.0	0.0	0.0	0.0	0.0	0.0	0.0
G4-C9	-0.29226042500455346	0.036729270123050085	0.006427008319982025	0.07402629403551744	-0.06760337466802965	0.011026536832188434	0.012602528120136553	0.06296571919491183	0.04960042435451369	-0.031600189574153816	-0.005646411630055129	-0.007062756273238489	-0.0088989039351264	-0.004114782595581604	0.015001891206183941	0.019019726109347483	-0.001487233745566988	0.006742218980952868	-0.023093968058121316	0.017549030879017352	0.008231973838420942	0.011521724069437926	0.0018859606563056519	0.0013847206154968255	0.002207979393269546	0.0010087996891777553	0.0002871092980309136	-0.0	0.0	0.0	0.0	0.0	0.0	0.0	0.0	0.0	0.0	0.0	0.0	0.0	0.0	0.0	0.0	0.0	0.0	0.0	0.0	0.0	0.0	0.0
G4-D1	-0.21601860349626892	-0.09082272903220395	0.047017067163772096	-0.0445830947193161	0.030757837030615458	-0.041317416121286685	-0.0014031165104045724	-0.012474742543659618	0.025500777648610393	-0.022090444837447366	0.0446971712352862	-0.008260501540908122	-0.0004646964036867259	0.00639441589282912	-0.007293231980927575	-0.01818040382381638	-0.013358899292110541	-0.00569399562359586	-0.028844245720388757	0.006052215994507141	-0.0030169812128819423	-0.00919113716580591	-0.0008463428330486233	0.000967516829829066	0.0012854393093540476	-0.00039458014480198025	-0.0005806993885724253	-0.0	0.0	0.0	0.0	0.0	0.0	0.0	0.0	0.0	0.0	0.0	0.0	0.0	0.0	0.0	0.0	0.0	0.0	0.0	0.0	0.0	0.0	0.0
G4-D10	-0.30944005812572045	0.2814225750483685	-0.021172994513859584	0.04596255415261008	0.02562896892576996	-0.044769037052464315	-0.018566122490634156	-0.019075903919766112	0.023206432944263097	0.04732573585154064	-0.00530472707220459	-0.03211857275741475	-0.0062219364598257495	0.004152412195167551	-0.011221650047623858	0.006613097583686659	0.0034944489752736416	-0.0008633449548281616	0.014407948010193343	-0.01400207481104949	0.004976790591057161	-0.005257470207923687	-0.0052929219718963316	-0.0022076764639760433	-0.006834102211437462	-0.0008637068281423703	0.00014583238495713248	-0.0	0.0	0.0	0.0	0.0	0.0	0.0	0.0	0.0	0.0	0.0	0.0	0.0	0.0	0.0	0.0	0.0	0.0	0.0	0.0	0.0	0.0	0.0
G4-D2	-0.300045706649923	-0.061687401373607224	0.012063142893626826	0.07684479492232721	0.019812962219414625	0.07075202546034456	0.023938986534720878	0.03042563911004261	-0.03724059953951077	-0.005434260294252919	0.03145741665053885	0.05194479795537817	0.008911738986521495	-0.025194799184371685	-0.019188451110545283	-0.010023290085793864	0.015404640044375828	0.013393341879354837	0.027915351595374265	0.011366120921740136	-0.009308868343889155	-0.01136680354945453	0.009689959633730667	-0.002582619777175645	-0.0010447038614474766	-0.0001948287222655695	0.00037233504505434833	-0.0	0.0	0.0	0.0	0.0	0.0	0.0	0.0	0.0	0.0	0.0	0.0	0.0	0.0	0.0	0.0	0.0	0.0	0.0	0.0	0.0	0.0	0.0
G4-D3	-0.3074649551884247	-0.08125977915462794	0.04286971056287318	-0.052305925969590425	0.05544908357306537	-0.06547824710662546	0.024561676142731595	0.09816897530496761	0.039270209705180296	0.09349141614154176	-0.00256928427025605	0.06573199210610513	0.03097581177156248	0.009362755232261804	0.03947096860437615	0.00838519399448332	-0.002015389838593051	-0.0010083327016050725	0.002242195875539913	-0.004205875869024236	0.003349945613891688	0.004809632447307165	-0.004042552216931737	-0.0007168993749034064	-0.003467381584471342	-0.00030223047695691305	0.00025992449859382224	-0.0	0.0	0.0	0.0	0.0	0.0	0.0	0.0	0.0	0.0	0.0	0.0	0.0	0.0	0.0	0.0	0.0	0.0	0.0	0.0	0.0	0.0	0.0
G4-D4	-0.22097564635246192	-0.08438954676888646	0.029594166933201337	-0.04449418094163445	0.09086478135248226	-0.051386256191659624	0.029609014579687558	0.006551957967227069	0.03728677697411025	-0.015995599413902432	0.0016354834671454231	-0.01187222861858857	0.005957825020093617	-0.0015799676251457718	-0.022985239444663918	0.00010260336069108021	-0.0034475834468614443	0.01723273329076368	-0.009930534793414608	0.004517501663186799	0.024340695864519982	-0.008697737214877927	0.007334950275179989	-0.0035114208277193045	-0.0051023908014887435	-5.954413622532627e-06	0.0005443494428362456	-0.0	0.0	0.0	0.0	0.0	0.0	0.0	0.0	0.0	0.0	0.0	0.0	0.0	0.0	0.0	0.0	0.0	0.0	0.0	0.0	0.0	0.0	0.0
G4-D5	-0.25445681698016387	-0.10169621838885307	-0.02090052018181268	-0.084174804397227	-0.0031579667872411593	-0.05083858049531895	-0.002040380680047884	0.025593841378527202	0.023940947481235923	-0.004231359441634755	0.0015417654638062155	-0.03729190132355164	-0.025673689584831582	-0.035267455572419844	0.01924424103586752	-0.020096641207194215	-0.002329670325644663	-0.017086790640412748	0.007224457550291043	-0.0035599943806063844	-0.01827055796687217	-0.00029416015170114683	-0.00020140073580281065	0.00149846358223848	0.0034565009738432694	0.0005153388693839053	-0.00019374497893049863	-0.0	0.0	0.0	0.0	0.0	0.0	0.0	0.0	0.0	0.0	0.0	0.0	0.0	0.0	0.0	0.0	0.0	0.0	0.0	0.0	0.0	0.0	0.0
G4-D9	-0.2757372966036231	-0.005901583480827968	0.014034298061913732	0.15297912545926665	-0.029608501687060397	-0.042457991883625784	0.011760910532483902	0.043514203593953256	0.03717936993396411	-0.06816524094771755	-0.0060181988546921415	-0.0027097025753119305	0.038800429146887534	-0.0018083925726989037	-0.010840332721697018	-3.347391811000715e-07	-0.009586586931437248	-0.008048746913557196	0.016754514465291033	-0.012536738265674795	-0.0025539799379769813	-0.005464458755349084	-0.007093488332396475	0.0001037485331872976	-0.0012368263071376247	-0.0007936629847385521	-0.0004611192364096037	-0.0	0.0	0.0	0.0	0.0	0.0	0.0	0.0	0.0	0.0	0.0	0.0	0.0	0.0	0.0	0.0	0.0	0.0	0.0	0.0	0.0	0.0	0.0
G4-J1	0.5322324811126432	-0.06495734760619425	-0.0028414651160242805	0.007011706852789496	0.022116224720453857	0.013003817557931254	-0.0459133703655408	0.00011721095983789041	0.00412430226162724	0.0038218219751393737	-0.0029789971983828164	-0.004249709814122858	0.00021655567898305175	-0.01295246503147602	0.004930988310213697	-0.008130273130591531	-0.0080624277153444	-0.0012148179389179252	-0.008701385384195228	0.004359447489136953	0.008890292564508353	-0.014504474906491155	-0.01076384883635833	-0.0006463418660186207	0.0005532035798231306	0.0012300028240689585	-0.001773451524932719	-0.0	0.0	0.0	0.0	0.0	0.0	0.0	0.0	0.0	0.0	0.0	0.0	0.0	0.0	0.0	0.0	0.0	0.0	0.0	0.0	0.0	0.0	0.0
G4-J2	0.5340511460347022	-0.06315875409881298	-0.002769148602374007	0.012504819522353206	-0.0012043777524312217	-0.004512166242326376	-0.002030446892119414	-0.005689657209957167	-0.00746150605074494	0.008133117693364585	0.005970368164038181	0.005702415253346573	-0.00256616528750683	0.006504508109073111	-0.006211167241346119	0.009518249790254904	-0.02130717983786535	0.02204025331962532	0.0005459564603827626	-0.014704428854463146	-0.009778160518507707	0.0035849017399345643	0.005905338437951411	0.01445501028358294	-0.004519091185827363	-0.00037164096791562836	-0.00011314710352932047	-0.0	0.0	0.0	0.0	0.0	0.0	0.0	0.0	0.0	0.0	0.0	0.0	0.0	0.0	0.0	0.0	0.0	0.0	0.0	0.0	0.0	0.0	0.0
G4-J4	0.5332140647481669	-0.0632593335220695	-0.0028833485856520017	0.01580466432361687	-0.0102064687741498	-0.014039469918765726	0.01828008212563394	-0.008860987759614865	-0.008649649983851692	0.006806804300058473	0.0016152455691367594	0.00014703841473121256	0.019025448258876924	0.007926364426433375	-0.0033809368258341053	-0.01088736972690837	0.03514576119481336	0.009538559547296982	-0.016356062349444794	-0.019525594096440505	-0.006844674586928652	0.0064000607165961695	0.002807133877656175	-0.01420393460803285	0.002228785679200895	-0.001075669951607873	-0.0005107697867684444	-0.0	0.0	0.0	0.0	0.0	0.0	0.0	0.0	0.0	0.0	0.0	0.0	0.0	0.0	0.0	0.0	0.0	0.0	0.0	0.0	0.0	0.0	0.0
G4-J5	0.5312621397080182	-0.06263126462774396	-0.00045542266664060196	0.011787912059346227	0.010254727961146614	0.004144262274775975	-0.027862240395114205	0.002360193349136106	-0.0032644859503872686	0.01297855291948343	-0.0060835640550542785	-0.008513422895719417	-0.00174740048452465	-0.006465677533163022	0.005217178443537577	-0.021996197254366415	-0.004219604490677326	-0.013440325742627749	0.013468496037256509	0.012538773751115749	0.001809581611815661	0.006451905164853611	-0.0006869383825125671	-0.005780359821383767	-0.0015288928511463119	0.00533800435872903	0.0019640614100950044	-0.0	0.0	0.0	0.0	0.0	0.0	0.0	0.0	0.0	0.0	0.0	0.0	0.0	0.0	0.0	0.0	0.0	0.0	0.0	0.0	0.0	0.0	0.0
G4-K1	0.30459610427257416	0.43979987996431746	-0.02907041421743091	0.0018010626367318896	0.004356988603910669	-0.06297885669752717	-0.0484813485175368	-0.04384796571804036	0.011551131935973374	-0.0489351408731281	-0.007064467483476405	-0.0029372725786048033	0.010416751707639654	0.02704858297085384	0.023575139492868595	-0.012956893815269571	0.0070485975392122775	0.013361481110695867	0.02032539768859306	0.0012198593121616772	-0.00027050253861217287	-0.002142191635709756	-0.00020708138965757166	0.0013546638430247274	0.0030388065189907516	0.0003432645874101681	-0.00026916820523711655	-0.0	0.0	0.0	0.0	0.0	0.0	0.0	0.0	0.0	0.0	0.0	0.0	0.0	0.0	0.0	0.0	0.0	0.0	0.0	0.0	0.0	0.0	0.0
G4-K2	0.5313776233746828	-0.06299792943722328	-0.0026402393910084365	0.004816591090458935	0.026046431105583426	0.018509646256314374	-0.0654891340855488	0.004940651010646877	0.006338962017071267	-0.0007245419017216475	-0.0023306267774871824	0.004610104808905087	0.00942114050692238	0.001972420252650023	-0.005474343236156726	0.016880156233566708	0.0026153920694223123	-0.00879540570813109	0.0011611846488748824	0.002612188340121951	0.0002574145549640067	-0.003935212184687772	-0.0030398801565740445	0.0025825084409493377	0.003975652076615707	-0.0038311985064780007	0.00572552043617083	-0.0	0.0	0.0	0.0	0.0	0.0	0.0	0.0	0.0	0.0	0.0	0.0	0.0	0.0	0.0	0.0	0.0	0.0	0.0	0.0	0.0	0.0	0.0
G4-K3	0.522703537496652	-0.05459164243727074	-0.0030215399244357642	0.014478179641511175	-0.03336881840249095	-0.0540631333189484	0.11291352658981968	-0.04591140399254714	-0.0379438587584767	0.017208786828299332	0.019006717269008294	0.01072683743766549	-0.024649767803926654	0.00737164363716494	0.005023045739266893	0.016088354387264643	0.0013820499406706783	-0.006195556729113249	0.005372194412335684	0.007321091496142439	0.002905796743035384	-0.004994955705589998	-0.0005458881536825228	0.0019309631151609404	0.002462786729782054	-0.001133912109198246	-0.0009888596667756186	-0.0	0.0	0.0	0.0	0.0	0.0	0.0	0.0	0.0	0.0	0.0	0.0	0.0	0.0	0.0	0.0	0.0	0.0	0.0	0.0	0.0	0.0	0.0
G4-K4	0.529709815784286	-0.05982225950142028	-0.00028557349944258236	0.0172695589358717	-0.02035474368470543	-0.02228983778051138	0.04874689059965393	-0.009451124409491155	-0.017262303390500274	0.018104903413544572	0.0022661548188299195	-0.008304698248361272	-0.015288469180231114	8.999436936556608e-05	0.006197514385792397	-0.03451897686243646	0.005027683060108216	0.0014309498622096517	0.0077789867131067714	0.004117376294955379	0.004769421830988945	0.011804797182004225	0.004951441601816469	0.0028993318229022726	-0.003036629837697074	-0.0051715204850732235	-0.0010746819847158825	-0.0	0.0	0.0	0.0	0.0	0.0	0.0	0.0	0.0	0.0	0.0	0.0	0.0	0.0	0.0	0.0	0.0	0.0	0.0	0.0	0.0	0.0	0.0
G4-K5	0.4942547085335827	0.076835425510548	0.001495932325391426	0.07449650213351545	-0.12052389465664812	-0.029737599764809292	0.10196234100055182	0.04173894831641364	0.02974250540387888	-0.01787845370192082	-0.017118467613493712	-0.009912708011356908	0.0420392312340639	-0.011869952084499211	-0.015486409672006561	0.004410705367350857	-0.005831214395237531	-0.007968216933445954	-0.007282515185773737	-0.000525445675251178	-0.0008342524123846424	7.56981640196819e-05	-0.001597568994488351	-0.0007746391074689958	-0.002219079959134371	-0.00011929941867208741	0.00011450948616394307	-0.0	0.0	0.0	0.0	0.0	0.0	0.0	0.0	0.0	0.0	0.0	0.0	0.0	0.0	0.0	0.0	0.0	0.0	0.0	0.0	0.0	0.0	0.0
G4-L1	0.5230508164252542	-0.05485822934922601	-0.003061996764693833	0.014612777115768248	-0.0325245095323127	-0.05345132850996113	0.11039811639410199	-0.045772209151263225	-0.03768090874851853	0.017399474903627185	0.01877768205458202	0.010934594023416408	-0.023973528677742648	0.006730403713050788	0.0045227952744890405	0.018625624951811033	-0.0032508532731487833	-0.007585930704338466	0.007096758877359884	0.009127553450322196	0.002400811930200359	-0.00631964929074845	-0.0029307988511713093	0.0005071889989050374	0.002069024412110995	0.0028943671084301226	0.0009034150549664989	-0.0	0.0	0.0	0.0	0.0	0.0	0.0	0.0	0.0	0.0	0.0	0.0	0.0	0.0	0.0	0.0	0.0	0.0	0.0	0.0	0.0	0.0	0.0
G4-L3	0.5312168404077766	-0.06409027191863487	-0.0027092176327031957	0.006912903108966751	0.017936552830402158	0.009965402670320027	-0.03425006246949654	-0.0008536405334619092	0.0021534686116898554	0.004343768381452997	-0.000635410301845835	-0.003606009121641613	-0.010439410564033202	-0.010733947305733313	0.0051955245203593485	-0.009934750241821775	-0.04786903599029422	0.03162133016592702	0.0007624051620669897	-0.00906532568268709	-0.002222419518453689	0.0005082427651909532	-0.001940366348678048	-0.006655815489951621	0.0039001871314254277	-0.0031107385989998042	3.377824515306813e-05	-0.0	0.0	0.0	0.0	0.0	0.0	0.0	0.0	0.0	0.0	0.0	0.0	0.0	0.0	0.0	0.0	0.0	0.0	0.0	0.0	0.0	0.0	0.0
G4-L4	0.29814748056426904	0.2860361122425044	0.07262955460304739	-0.15021080860703995	0.06517670031842007	0.05791885453133186	0.06925078149173314	-0.003656346910642462	0.007906979333497514	0.011418552871019585	-0.04887410813180121	-0.008601402660636599	0.023997263319030147	-0.004710557733873848	0.003819332589090015	0.0017670130014985175	0.0006849009042047793	0.0029349947215907596	-0.0008818662084019201	0.0021507771399940285	-0.0025755703188240437	-0.00016306791950506492	0.0007445263146437003	0.000854809625540212	0.002187421962985022	0.00019073474730947688	-0.0001158515514179796	-0.0	0.0	0.0	0.0	0.0	0.0	0.0	0.0	0.0	0.0	0.0	0.0	0.0	0.0	0.0	0.0	0.0	0.0	0.0	0.0	0.0	0.0	0.0
G4-L5	0.5315890533477526	-0.06582400901738877	-0.0030707812418422006	0.012253134634787465	0.009570140730564185	-0.000771220764868518	-0.01775594884402225	-0.004768032465415892	0.0020682782729758565	0.0025688241458077968	-0.00906536795149719	-0.011538994861777526	0.02890319463609582	-0.009300292172273652	0.008999450686157926	-0.03251491936001199	0.0396615291036365	0.0024419078142306617	-0.022312321887736544	-0.010039431867059162	0.00042209767879829553	-0.006001746743244745	-0.0005638261954284567	0.010163182538781715	-0.001997974438884376	0.0014974515976347244	0.0008173518158408618	-0.0	0.0	0.0	0.0	0.0	0.0	0.0	0.0	0.0	0.0	0.0	0.0	0.0	0.0	0.0	0.0	0.0	0.0	0.0	0.0	0.0	0.0	0.0
G4-M1	0.32254449024214255	0.34748622531224554	0.0038148998200651283	-0.048155083378745155	0.0002897715150361297	0.03372061865978852	-0.00736404382824483	0.0013089664299715858	-0.017548610010636644	0.02377806842194266	0.038054960773603035	0.015434740232958538	-0.05499452096763509	-0.023170630104428293	-0.017059284759233156	0.012002592825065675	-0.004820546744690279	-0.01670072876744776	-0.016174676085449362	-0.0036347715953975843	0.0015833159313811645	0.002228168122430361	-0.0001832898967193025	-0.002094298956713332	-0.004873177611441782	-0.0005364618295989737	0.0003669140787314022	-0.0	0.0	0.0	0.0	0.0	0.0	0.0	0.0	0.0	0.0	0.0	0.0	0.0	0.0	0.0	0.0	0.0	0.0	0.0	0.0	0.0	0.0	0.0
G4-M2	0.4409964384015202	0.02070135310432616	0.02103011114062971	-0.0294109525194928	-0.05348549869227705	0.09419091941320973	-0.006410462683146952	0.11221467863719989	0.045492629858711144	-0.029434917936118434	0.005906090927862016	-0.0005845810097327318	-0.03354259805318413	0.021581319865287874	-0.0035863535619547852	-0.006198003551495775	0.004381836484470073	0.011116799932354496	0.005770285634780862	0.002353483329881696	0.0038900043394448957	-0.0003184982687640274	0.0003301020164638792	0.0009883101750742705	0.002109425247916432	0.00017925105414517457	-0.00017336623223414876	-0.0	0.0	0.0	0.0	0.0	0.0	0.0	0.0	0.0	0.0	0.0	0.0	0.0	0.0	0.0	0.0	0.0	0.0	0.0	0.0	0.0	0.0	0.0
G4-M3	0.5287130309553685	-0.06195199044346338	-0.0025635102118695295	0.0008711461681318642	0.03686687724549878	0.026002663300860956	-0.08711723473515548	0.007176328821482181	0.010808239568034051	-0.004599524559671532	-0.005023646313357359	0.004830192843585095	0.010830689390776676	0.0002760472948607998	-0.004988828033359183	0.0225349235370995	-0.004014222154956197	-0.010501026536255793	0.005610941318895062	0.003565671236504364	-0.004029105231011646	0.0022575893925968725	0.005264492587388931	0.00656804449353457	-0.004170252886940985	0.003398089547045701	-0.001867745718523729	-0.0	0.0	0.0	0.0	0.0	0.0	0.0	0.0	0.0	0.0	0.0	0.0	0.0	0.0	0.0	0.0	0.0	0.0	0.0	0.0	0.0	0.0	0.0
G4-M4	0.5278817397105444	-0.061446014956006705	-0.002508316454564676	0.00014388287527224687	0.03766195516296616	0.026353614252679743	-0.08787196922698183	0.007257488268103798	0.011314692256675982	-0.00562749192875221	-0.005638160959535856	0.004427053555544983	0.011857825125015022	0.00020076917974782012	-0.004041904904687754	0.02152641215986173	0.013897560218280983	-0.02782446099629253	0.006486310267607525	0.01663889577851931	0.006906214981940511	0.0008228734497101082	1.7368525094229044e-05	-0.0028029259750675856	0.0014223176267904767	-0.004758336712527876	-0.0026756091432679485	-0.0	0.0	0.0	0.0	0.0	0.0	0.0	0.0	0.0	0.0	0.0	0.0	0.0	0.0	0.0	0.0	0.0	0.0	0.0	0.0	0.0	0.0	0.0
G4-M5	0.5339595116153618	-0.06379541198116018	-0.0028269661582076	0.010089678564247652	0.010610924556663627	0.005069333732619518	-0.030644793643572404	-0.0016992109394632178	-0.0020280275491872278	0.00556196993404017	0.0022671828606846424	0.005316214831648416	0.005353849618542649	0.0038575573032051808	-0.006677706216130399	0.013427375248747833	-0.008747054224723863	0.006667842362965616	-0.0014205340517836449	-0.009629312387551579	-0.008403266650788027	0.0024553144427036703	0.001749563801117009	-0.00901832258090593	-0.0011146189059886293	0.005004712208623444	-0.0004695809626748081	-0.0	0.0	0.0	0.0	0.0	0.0	0.0	0.0	0.0	0.0	0.0	0.0	0.0	0.0	0.0	0.0	0.0	0.0	0.0	0.0	0.0	0.0	0.0

Biplot	0	0

Site constraints	0	0
