Eigvals	52
1.037113086290465	0.06313564667971608	0.041277414483420066	0.015879808800989496	0.007546130422277076	0.005558263205349127	0.0027644393440207932	0.0018893679421653226	0.0015351546577933514	0.0007587448234197495	0.0006623312192110507	0.00045483341224288737	0.00033693352362419715	0.00028243474990206213	0.00026338306480588533	0.0001924992440934959	9.068760467477955e-05	8.435008888697497e-05	8.08818049407696e-05	3.893934748018037e-05	3.5172857099071676e-05	1.542636056653618e-05	1.2365340474303537e-05	9.861296602579919e-06	2.3024332142231065e-06	1.1528708971653936e-06	0.0	0.0	0.0	0.0	0.0	0.0	0.0	0.0	0.0	0.0	0.0	0.0	0.0	0.0	0.0	0.0	0.0	0.0	0.0	0.0	0.0	0.0	0.0	0.0	0.0	0.0

Proportion explained	52
0.8788932981052782	0.053503805391964976	0.03498021906400968	0.013457218614705658	0.006394908657926411	0.004710306276974632	0.0023427022998704634	0.0016011299480980523	0.0013009546963828364	0.0006429923111479512	0.0005612873633410658	0.00038544498479375146	0.00028553165487429433	0.00023934709929158182	0.00022320189914900798	0.00016313196483639923	7.685249470235851e-05	7.148181697572741e-05	6.854264712381763e-05	3.299884263859165e-05	2.980696009743616e-05	1.3072947487895218e-05	1.0478910174132703e-05	8.35687796172351e-06	1.951178852205644e-06	9.769913411501414e-07	0.0	0.0	0.0	0.0	0.0	0.0	0.0	0.0	0.0	0.0	0.0	0.0	0.0	0.0	0.0	0.0	0.0	0.0	0.0	0.0	0.0	0.0	0.0	0.0	0.0	0.0

Species	0	0

Site	52	52
G4-A1	-0.11365057745183098	-0.03147654794143721	0.00034304604856680765	-0.00034800295103858635	0.004268305337690617	-0.002923236864490212	0.0009799096380396105	-0.00303373030540251	0.004113153666015406	-0.002707993819394749	0.001692083448533286	-0.005015640615611418	0.002358696640568791	0.0009450902441001629	-0.0009625089213161357	-0.0010076968678565247	0.002415387268815732	-0.003061510694532811	-0.0004918921857310887	0.0004825749695927891	0.001301144598731834	0.0005835468537272937	-0.00042672278031065337	0.0011117906749804171	0.00016610589785993066	-0.00011045234594353724	-0.0	0.0	0.0	0.0	0.0	0.0	0.0	0.0	0.0	0.0	0.0	0.0	0.0	0.0	0.0	0.0	0.0	0.0	0.0	0.0	0.0	0.0	0.0	0.0	0.0	0.0
G4-A10	-0.10238424716725852	0.06384537985063604	0.04765015633823809	-0.011372039499329396	-0.01875021760142483	0.030948919063271473	-0.001773495467518603	-0.003359472646188234	0.003676924108394848	-0.0003226079932546362	0.001704885908119894	0.000492551740149179	-0.0006296552748715331	0.00013118933468745536	0.0007703788766808852	0.00023850879308527162	-0.00047596561416826194	-7.207586594121804e-05	0.00017039106054702675	-0.0001343639597844719	-3.217492753539041e-05	0.00017486958486704826	1.6074822231343676e-05	5.464041835751127e-05	-1.6635832415719388e-06	-3.736305206132192e-06	-0.0	0.0	0.0	0.0	0.0	0.0	0.0	0.0	0.0	0.0	0.0	0.0	0.0	0.0	0.0	0.0	0.0	0.0	0.0	0.0	0.0	0.0	0.0	0.0	0.0	0.0
G4-A11	-0.11309068143048	-0.001655875139743303	0.045671426403661605	-0.05782070773742732	-0.012387146305679376	0.00047130973320744116	0.0042118628769773035	-0.010462469459668387	0.0021642462087683506	0.0007634069074350876	-0.0027525017495339866	-0.0010364561206788326	0.00042206137204271087	0.0004737441222031994	-0.0005786002526755096	-0.000510561205667301	0.0006400100863256416	0.0001786196947826545	-0.0001577570573050706	-0.00014062248978396506	3.092211497719924e-05	-6.0868140146098774e-05	1.674336026599876e-05	-3.0344492304951596e-05	-7.112795827870288e-06	-4.344067509030233e-06	-0.0	0.0	0.0	0.0	0.0	0.0	0.0	0.0	0.0	0.0	0.0	0.0	0.0	0.0	0.0	0.0	0.0	0.0	0.0	0.0	0.0	0.0	0.0	0.0	0.0	0.0
G4-A2	-0.11660802466374798	-0.032748684420066336	-0.0011507404404122936	0.010082518593995374	-0.0006624016073413504	0.0037438555637929125	0.009123208123695523	-0.0008387468858016146	-0.0007688865659412498	-0.001038294328452134	-0.0014119233449919838	0.0025429047781933417	-0.0041758561896028164	0.000763982754714022	-0.0016414179355505236	-0.001678149606796503	0.0025242634074722652	-8.891888429470321e-05	-0.0013074944321217533	0.000847320048577587	-0.0010592371649446538	-0.0004214189228339159	0.00023077709503199062	-0.0004785327842274793	-0.00021621320011129148	0.00012485206485510913	-0.0	0.0	0.0	0.0	0.0	0.0	0.0	0.0	0.0	0.0	0.0	0.0	0.0	0.0	0.0	0.0	0.0	0.0	0.0	0.0	0.0	0.0	0.0	0.0	0.0	0.0
G4-A4	-0.12081513617846289	0.012500730795037378	-0.07121584679641946	-0.04474833676927698	-0.035630466903978496	0.019692214209358513	-0.00030780203357991666	0.004349968896567846	-0.00334357388031803	-0.000197354642839798	0.0011786455429612264	0.0011263088499046325	0.0003165819100572963	0.00013104278754194458	0.00011299953171547628	0.00022579367998572301	-0.0004263652021557006	-0.0005353747200009164	4.1971393630134254e-05	0.00016482141136939832	-4.8164542999490805e-05	-0.0001076121892027525	-1.798125963156208e-05	1.5128265830394421e-05	6.917481001541325e-07	6.2707702714229265e-06	-0.0	0.0	0.0	0.0	0.0	0.0	0.0	0.0	0.0	0.0	0.0	0.0	0.0	0.0	0.0	0.0	0.0	0.0	0.0	0.0	0.0	0.0	0.0	0.0	0.0	0.0
G4-A5	-0.11710201412551816	-0.028987848507699608	-0.006057359361092054	0.00642573173079721	-0.0017723566674946022	-0.00168516053601652	0.003514427799292656	-0.0037129284322501843	0.0020016967250230844	0.0017258739781932221	0.00582159765006988	-0.004240551446998626	-0.004276969652260145	0.0004291262033901142	-0.0008152150537517917	-0.004209452367095185	-0.001719644644282529	0.00040957711548205176	-0.00016872522554468763	0.0011278503400182422	-0.0026857517939154934	0.0005035358702670222	0.00043400850756232366	-0.0004777223769087575	-2.143075442808365e-05	2.24501284590558e-06	-0.0	0.0	0.0	0.0	0.0	0.0	0.0	0.0	0.0	0.0	0.0	0.0	0.0	0.0	0.0	0.0	0.0	0.0	0.0	0.0	0.0	0.0	0.0	0.0	0.0	0.0
G4-A6	-0.09628455680752111	0.08410732500441491	-0.13231556073291495	0.0006596782487648731	0.01558038207599368	-0.001858374372166865	0.00870341399875345	-0.005415112476928483	0.0012165946834086564	0.00731934247151188	-0.0017757482970162928	-0.0004849767042118461	-0.0011318130030880675	0.00021308213752875525	-0.00015699024893426591	0.0004282774029925595	0.000587027810287041	-0.0007228959001155469	2.256760933864625e-05	1.674157298259596e-05	5.692980370018865e-05	-1.6170617624153944e-05	1.794727446560851e-05	-9.522079846371526e-05	-6.335018656385715e-06	-3.1638705615073953e-06	-0.0	0.0	0.0	0.0	0.0	0.0	0.0	0.0	0.0	0.0	0.0	0.0	0.0	0.0	0.0	0.0	0.0	0.0	0.0	0.0	0.0	0.0	0.0	0.0	0.0	0.0
G4-A7	-0.11629187542708606	-0.03763100652369584	0.00813143573107332	-0.03260762165762536	0.023683334141976806	0.010916717071106181	-0.0003895479880323339	0.017420219179999162	-0.0025794415827445154	0.002672914769416397	0.0015770874237012063	-0.004526825624765895	-0.003915385355602421	8.921677962819429e-06	-0.00036537743361849805	6.655655007633727e-05	-0.0011564389662995632	0.0009629524932948713	0.0006193957641941193	-0.0004489463900808554	0.0002536790778643658	0.00026619697614036495	-0.00010546695800430294	0.0002930608041571758	3.551402323618812e-05	-1.568385503614899e-05	-0.0	0.0	0.0	0.0	0.0	0.0	0.0	0.0	0.0	0.0	0.0	0.0	0.0	0.0	0.0	0.0	0.0	0.0	0.0	0.0	0.0	0.0	0.0	0.0	0.0	0.0
G4-B1	-0.11437258932364233	-0.026422620381745105	-0.002539651150207375	0.01987781715788936	-0.009649719611605398	0.004640054361115565	-3.1866602485293e-05	0.0013620552366730243	0.0002774920457464443	0.004107457268905689	0.002846240391687396	-0.0020823982428211023	0.0021975637769966203	0.0004779273914608395	-0.0011068720185244305	0.0039510834463445405	-0.0018200990499897076	-0.0031397893837298847	0.0011939631789430047	0.0001958618647391732	0.0012256380906858519	-0.0008338627147995773	-7.034455151865342e-05	-0.0004782852811184894	-2.4473464522810216e-05	0.00011138017426150725	-0.0	0.0	0.0	0.0	0.0	0.0	0.0	0.0	0.0	0.0	0.0	0.0	0.0	0.0	0.0	0.0	0.0	0.0	0.0	0.0	0.0	0.0	0.0	0.0	0.0	0.0
G4-B10	-0.09886480646064119	0.0763809753134888	0.0306879046693573	0.023264494013912004	0.015989941052661737	-0.0075477969420013405	0.010095431950475974	-0.01408850207099248	0.012413891607586094	-0.0005688169300849089	0.002858221937503665	0.0018615620898782014	-0.001193684550379539	-0.0001967275140752876	0.001245988570696201	0.000392863743637628	-0.0006230447590621977	-0.000939447176247556	-0.00011743913657912161	0.0003803002912984308	8.62333371473106e-05	-0.00011669867681597664	-5.518567119249255e-05	-1.5123315948983977e-05	3.1103483540037134e-06	1.5704261833736456e-05	-0.0	0.0	0.0	0.0	0.0	0.0	0.0	0.0	0.0	0.0	0.0	0.0	0.0	0.0	0.0	0.0	0.0	0.0	0.0	0.0	0.0	0.0	0.0	0.0	0.0	0.0
G4-B11	-0.10467017117631428	0.06034425327246416	0.03545253740146013	0.0012150517649599935	0.00301760143656874	0.00699461274035389	-0.002824382255245667	0.01114810296544661	-0.002081608677825786	0.004120804414287936	0.0022986609894644484	0.0017884716700216064	0.002502056892349947	0.000929829787398136	-0.003975030867976922	0.0016919749405870466	0.0018366718037996874	-0.00021189382712673052	-0.0006922829724985714	-0.0002978934809258716	0.000292090375850434	-9.897040322705977e-05	0.00035830741604092777	-0.0012087003375487555	-0.00018039192090705768	0.00012266411790214416	-0.0	0.0	0.0	0.0	0.0	0.0	0.0	0.0	0.0	0.0	0.0	0.0	0.0	0.0	0.0	0.0	0.0	0.0	0.0	0.0	0.0	0.0	0.0	0.0	0.0	0.0
G4-B2	-0.1109605712806207	-0.01775457898281085	-0.00218065694999067	0.036650651487792424	-0.01220327655771104	0.0071243957138972715	-0.00966826318627457	0.0035220998117573535	0.006900640118164602	0.0062597238338507576	-0.0039935737235987714	0.0021110926466003503	0.002083752315960406	-0.001136200998266437	0.001325971564181294	-0.0031678130160022492	0.0004779362752008525	0.0010485730055084274	-0.00010311396950143971	-0.0005685151124482811	0.0011126867920684905	-0.0010781607198409936	-0.00024906219866318175	0.0001954649002097397	3.601636492130715e-05	1.0883429300618347e-05	-0.0	0.0	0.0	0.0	0.0	0.0	0.0	0.0	0.0	0.0	0.0	0.0	0.0	0.0	0.0	0.0	0.0	0.0	0.0	0.0	0.0	0.0	0.0	0.0	0.0	0.0
G4-B3	-0.1180213970269507	-0.02828721269778486	0.0020942742331171906	0.011861121519771	-0.005437757049720252	-0.004933552228436525	-0.009167276230971608	-0.010086565044050306	-0.014216399117522448	0.008152590377825007	-6.294515437721685e-06	0.003849105830387604	-0.0003799773777226496	0.00010080819051756327	-0.0008710929996900621	0.0010234178419735384	-0.00011887456057552005	0.0008960677505902842	-4.850924059779107e-05	7.22667627113113e-05	-0.00019793784831120579	0.0009746686318555274	-3.62445855957587e-05	0.0005677939211912755	4.2936099281887186e-05	-5.621333643532866e-05	-0.0	0.0	0.0	0.0	0.0	0.0	0.0	0.0	0.0	0.0	0.0	0.0	0.0	0.0	0.0	0.0	0.0	0.0	0.0	0.0	0.0	0.0	0.0	0.0	0.0	0.0
G4-B4	-0.10899086203796242	0.07423399786582892	-0.07332791825943735	-0.007311878175614176	-0.0043350451217137615	-0.013781712707352156	-0.01369392449393815	0.005102021984032018	0.0009375424292554024	-0.010295107332849282	-0.000212399893595741	-0.0002177480399379404	0.0030573041926175645	-0.00042479179684648576	1.0004563213431863e-05	-0.0009184146118901803	-0.0005821630941059602	0.0013746764841033698	2.9580175025819777e-05	-0.00016276775925468231	-0.0001525622809900446	-2.5236419528673425e-05	1.6413286494364703e-06	0.00010078529287972761	5.124070855081362e-06	-3.993407791757077e-07	-0.0	0.0	0.0	0.0	0.0	0.0	0.0	0.0	0.0	0.0	0.0	0.0	0.0	0.0	0.0	0.0	0.0	0.0	0.0	0.0	0.0	0.0	0.0	0.0	0.0	0.0
G4-B5	-0.1171217803375474	-0.03330679887807179	0.0021144645107060204	-0.013045838058569046	0.017211657524258173	-0.00033550282961063486	0.007796669309685534	-0.004280819549274625	0.006131977036698486	0.0011716983923302933	0.0010678483623237378	0.0008402065879037062	0.004609412597563302	0.0003351797476937447	-0.002013259021535976	0.003082151909302828	-0.0013707941652207785	0.0011834743782172278	-0.001441354275420933	0.0010574759544385445	-0.0009503077421634118	-0.0009919615546646928	-0.00014986058524598753	0.0004544862035260848	4.168954237939006e-05	1.3469005027669739e-05	-0.0	0.0	0.0	0.0	0.0	0.0	0.0	0.0	0.0	0.0	0.0	0.0	0.0	0.0	0.0	0.0	0.0	0.0	0.0	0.0	0.0	0.0	0.0	0.0	0.0	0.0
G4-B6	-0.11557412908302132	-0.03038962821296431	-0.0023592920389840398	0.016782935162345924	-0.005817174517068463	0.005282585353651939	0.009080391662797905	0.0008562398159783097	-0.0018181169386470347	-0.0005822787759777669	-0.0005425484182490196	0.004375679013098048	-0.0026845706135479428	-0.0001806669887110313	3.501893730482821e-05	0.002587939249277014	-0.0005750460552245462	0.0011374729658662152	-0.00030740933962506264	-0.00012207304328831553	0.0004763972320223479	-0.0012787309039759128	-0.000460988895191066	0.0008669682787062328	0.0001531336258660862	-6.669635908304514e-05	-0.0	0.0	0.0	0.0	0.0	0.0	0.0	0.0	0.0	0.0	0.0	0.0	0.0	0.0	0.0	0.0	0.0	0.0	0.0	0.0	0.0	0.0	0.0	0.0	0.0	0.0
G4-B7	-0.11560080184385674	-0.03215997758273603	0.0031081751761330434	-0.012480549409635052	0.013690049491756765	-0.004977762544193133	8.663623000759007e-05	-0.005144251748461293	0.008168322449779197	-0.00395714949533405	0.0009167291672742008	-0.0009104873789802228	0.0024234280153356768	-0.0015088490180929326	0.004849883076550677	0.002773643964941773	-0.0005366097859532139	0.0027209248234834585	0.00036924161735183607	-0.0015454602132034777	0.00034686510377266236	6.79275312261389e-05	7.021844745435116e-05	-0.0002628173046874764	-7.530333906661413e-05	-2.6737217396599184e-06	-0.0	0.0	0.0	0.0	0.0	0.0	0.0	0.0	0.0	0.0	0.0	0.0	0.0	0.0	0.0	0.0	0.0	0.0	0.0	0.0	0.0	0.0	0.0	0.0	0.0	0.0
G4-B9	-0.10263847115920186	0.06659356116318098	0.036888197528497334	0.0006734186235680811	0.004793909190450625	0.010589823535642594	-0.0014597982347943628	0.012500518059570883	-0.00014510633180050896	0.003116659249528648	0.0033519481690480737	0.0017625579042056551	-0.0017752779341402311	-0.001511671982313573	0.002718708409120221	-0.003311548793679516	-0.0013033782588655022	-2.5489721034655796e-05	-0.0005051918274225029	0.001089189041822796	-0.0004296683818903754	-0.00012939473004758555	-0.0003707864270178043	0.0009998348341547878	0.00015161646090476843	-8.739829852234315e-05	-0.0	0.0	0.0	0.0	0.0	0.0	0.0	0.0	0.0	0.0	0.0	0.0	0.0	0.0	0.0	0.0	0.0	0.0	0.0	0.0	0.0	0.0	0.0	0.0	0.0	0.0
G4-C1	-0.11608707424146318	-0.031279228159207195	0.003523064107808019	-0.025197783514006852	0.02057792329890615	-0.0016246315301730921	-0.00840751659614027	0.0028809616902433976	0.00264409334423742	0.008687465567907874	-0.0031141157852596717	0.003076043529537051	0.0026999632629196952	-0.0002581144362242253	-0.0010142655131628107	-0.0003389421197841954	-0.00036797781485092216	-0.0010827979044846288	0.0016622324535489404	-0.0002229658242371119	7.10983976977806e-05	0.0005474801677261222	0.00017924551473713914	-0.0002200394223419528	-1.6192929515738295e-05	-4.127513921340079e-06	-0.0	0.0	0.0	0.0	0.0	0.0	0.0	0.0	0.0	0.0	0.0	0.0	0.0	0.0	0.0	0.0	0.0	0.0	0.0	0.0	0.0	0.0	0.0	0.0	0.0	0.0
G4-C10	-0.10194260102487744	0.0740823424636938	0.032939769814292114	0.01213277691039274	0.01282101963129918	-0.0009676357563409834	-0.0028910662920839866	-0.009395816991931389	-0.013854481717547069	0.0009235265572853434	-0.002527307133283228	0.0009944206879730678	0.005412917320817959	-0.0008050996516884581	0.00016243885421888935	-0.00288794226148221	-0.0011058694619146194	0.0008232457526992081	0.0002795666120107425	-8.760593830285612e-05	-0.0004045145527386005	6.944648499642899e-05	4.3737406041154616e-05	5.6156956503561315e-05	1.27543342555115e-06	-3.4354394010821942e-06	-0.0	0.0	0.0	0.0	0.0	0.0	0.0	0.0	0.0	0.0	0.0	0.0	0.0	0.0	0.0	0.0	0.0	0.0	0.0	0.0	0.0	0.0	0.0	0.0	0.0	0.0
G4-C2	-0.11192695737067902	-0.03099336027252798	-9.728383592088015e-05	0.013318079259284129	-0.004173304456039837	-0.0006354973038498976	0.001050107281039725	-0.006740444223800276	-0.023703657982926424	-0.003538509174077587	0.0008369137098148417	-0.0046885800034224085	0.001629289109784396	-0.0007838821317151617	0.0025092020753916407	0.0004424055783560414	8.544730679463228e-05	-0.0003420619823736624	-0.0005075197546289563	0.00016797775057073394	-8.220550725901854e-05	-0.0007144158254252059	-3.0329644694138664e-05	-0.000256583046339451	-3.3560235403428986e-05	3.208555305178817e-05	-0.0	0.0	0.0	0.0	0.0	0.0	0.0	0.0	0.0	0.0	0.0	0.0	0.0	0.0	0.0	0.0	0.0	0.0	0.0	0.0	0.0	0.0	0.0	0.0	0.0	0.0
G4-C3	-0.10156967902399473	-0.030791398491921917	0.004877852583132021	-0.025621956846584203	0.014406554681575513	-0.004199057680737396	-0.01412250915047137	0.003598648352332096	-0.0008661818216601884	-0.0042655431050901	-0.0008409067990498984	0.001639955828601202	0.00033155615011531183	-0.0006757937747580706	0.0021706163542865643	0.0015852124036481634	0.0027321009370407023	0.0003776223904996872	-0.0025419791765104766	0.0009127749104930951	-0.000814723622864883	-0.0007677507869615952	3.599466494630762e-05	-0.00022715676673273826	-3.181151067407486e-05	3.947549340443622e-06	-0.0	0.0	0.0	0.0	0.0	0.0	0.0	0.0	0.0	0.0	0.0	0.0	0.0	0.0	0.0	0.0	0.0	0.0	0.0	0.0	0.0	0.0	0.0	0.0	0.0	0.0
G4-C4	-0.11443845286180503	-0.033874737361766216	0.0015614189556031027	-0.017177412846671205	0.020479281522458002	0.0017445875406523646	0.008217069061314778	0.00022204292035108689	0.0005211878254209508	-0.007469684030434507	-0.005594466674320297	0.003774702653511008	0.004032024803255322	-0.0005174246724967535	0.0004570086037289792	-0.0028199300651876097	-0.0016248970462337635	-0.002101152312173504	0.001654228269748732	0.00010894364981858364	3.958336533625217e-05	0.00041358043551370743	0.0001478797335088199	-0.0003280986180207526	-9.763054894758826e-06	3.554532166746393e-05	-0.0	0.0	0.0	0.0	0.0	0.0	0.0	0.0	0.0	0.0	0.0	0.0	0.0	0.0	0.0	0.0	0.0	0.0	0.0	0.0	0.0	0.0	0.0	0.0	0.0	0.0
G4-C5	-0.11666253959143487	-0.03172714094080664	0.000695119696226489	0.002683288264424925	0.0017641215566817703	-0.0017294926524324924	-8.710369966463288e-05	-0.0031736167199603806	0.003964184563806933	0.004300601199318217	0.00101422866226595	-0.002096328311912471	-0.0007057888705825985	-0.00048743201462257457	0.0012909262758086426	-0.0053287693048847075	0.0019088722163671595	0.0001682789252968177	-0.0006962027822166471	-0.0006890871377956858	0.0010519061821413806	-9.61728882040025e-05	-2.3125114132860385e-05	-0.00044854448316174173	-3.9301670327122486e-05	1.0742629675428923e-05	-0.0	0.0	0.0	0.0	0.0	0.0	0.0	0.0	0.0	0.0	0.0	0.0	0.0	0.0	0.0	0.0	0.0	0.0	0.0	0.0	0.0	0.0	0.0	0.0	0.0	0.0
G4-C9	-0.1151486011011118	0.0012780657078096515	0.018160302971618227	-0.004845300443028757	-0.017433787449879803	-0.02886217101540013	0.010732152278143668	0.005192062460289529	-0.000768770143200257	0.00422283271771249	0.0014277519594582655	0.002694672366148232	-0.0010767635775500537	-0.0010011701128531335	0.0006757991185866755	0.0027458124445368004	-0.0009692425515305092	0.001908084596959064	0.0006744707172343377	-0.0006816086395370934	-3.3042670984991364e-05	0.00025978372049004553	0.0001381686564073162	-0.00021783432926251913	4.588454305004937e-06	-2.390232244614875e-05	-0.0	0.0	0.0	0.0	0.0	0.0	0.0	0.0	0.0	0.0	0.0	0.0	0.0	0.0	0.0	0.0	0.0	0.0	0.0	0.0	0.0	0.0	0.0	0.0	0.0	0.0
G4-D1	-0.11360785936830876	-0.030194727886829496	-0.002926353271288922	0.016461664894704978	-0.006166645036815863	0.0052005781675036515	0.007302743280888431	0.0029594804280492163	-0.003578615886455895	-0.004687317647702502	-0.0019794515817955116	0.0036890811616199434	-0.001020106203215885	-0.00042458388815923195	0.000526771318226893	9.917675473244012e-05	8.77239146608253e-05	0.0003042339660107357	0.0010104343810828007	-0.0010008372668124995	0.0011270576920411703	0.001515689315635435	0.0001129387928558257	-7.718251491161037e-05	7.176721293113863e-05	-9.444260094299499e-05	-0.0	0.0	0.0	0.0	0.0	0.0	0.0	0.0	0.0	0.0	0.0	0.0	0.0	0.0	0.0	0.0	0.0	0.0	0.0	0.0	0.0	0.0	0.0	0.0	0.0	0.0
G4-D10	-0.09756648301473933	0.08186669735949459	0.03548742511715257	0.0072533718689565185	0.01563186593146963	0.005503771257336981	-0.0044684025677965596	0.0006663385101147294	-0.003928240965171215	-0.007252475873266262	-0.0003293817690264934	-0.0042351896519703	-0.0053423525071528335	0.001442376007815507	-0.0009269510320288232	0.0035282184162772775	0.0016274580341301722	-0.0005660539626918352	0.0007185028291525936	-0.0005487587380348137	0.0005310210722104359	8.82272082000503e-05	-1.543667781628962e-05	4.0931822712551505e-05	1.8576275725140283e-05	-2.2347844934546365e-05	-0.0	0.0	0.0	0.0	0.0	0.0	0.0	0.0	0.0	0.0	0.0	0.0	0.0	0.0	0.0	0.0	0.0	0.0	0.0	0.0	0.0	0.0	0.0	0.0	0.0	0.0
G4-D2	-0.1137077941597409	-0.026826492231304205	0.003292699506365366	0.00020734969798631735	0.0008270538584232251	-0.01016289183668714	-0.012731868136940626	-0.007402179476773901	0.0007399518169552659	-0.0033819124315851708	-0.0022531916865923913	-0.0010229802063841157	-0.005840693066441173	0.003073634098569899	-0.005486116963160618	-0.0004312606626188013	-0.001072870891539467	-0.00046369088021690956	0.0010664127586348965	-0.0005577897832378407	0.0003992654258806951	-0.0003622965224479033	-4.410524143175627e-05	-4.68005521165139e-05	1.4024869528520956e-05	2.2657513506393064e-05	-0.0	0.0	0.0	0.0	0.0	0.0	0.0	0.0	0.0	0.0	0.0	0.0	0.0	0.0	0.0	0.0	0.0	0.0	0.0	0.0	0.0	0.0	0.0	0.0	0.0	0.0
G4-D3	-0.11258448135145664	-0.02275278054127131	-0.001956587954187507	0.02922636645983703	-0.013568663062094876	0.002373433476832173	-0.008759409927195507	0.0034349443106847103	0.005921227874208008	-0.0022409229548245786	-0.002156883503996184	0.00025292520502953294	-0.001018419188783048	-0.0010476123885070675	0.005410412541705161	0.0037168062830250357	-0.0015368798337890902	-0.0022335051598124	0.0011417460277427574	0.0012134050102525966	-0.0018799942929841743	0.0006716594995889694	0.0002299555433880357	-0.0002344801439127462	-4.284611853019428e-05	2.2178927413562072e-06	-0.0	0.0	0.0	0.0	0.0	0.0	0.0	0.0	0.0	0.0	0.0	0.0	0.0	0.0	0.0	0.0	0.0	0.0	0.0	0.0	0.0	0.0	0.0	0.0	0.0	0.0
G4-D4	-0.10976013330241101	-0.01681308242928332	-0.003930995625081565	0.0465210127555429	-0.008818286596091969	0.013389781936271073	0.0003239983747831243	0.005947739308183069	0.007265393227815074	-0.002903270350130013	-0.002829035441641826	-0.0034091749094549697	0.0038306987457600835	0.0010325226797865898	-0.0038738506224500185	-0.0003057648559399346	0.0011128376017374602	0.0028909832406246137	-0.0007023444207939866	-0.000838461556196878	-0.000601351549841631	0.0006648024927359235	0.0002508832786706509	-0.00011402895788920167	-4.3060119515740476e-05	-3.315763104651869e-05	-0.0	0.0	0.0	0.0	0.0	0.0	0.0	0.0	0.0	0.0	0.0	0.0	0.0	0.0	0.0	0.0	0.0	0.0	0.0	0.0	0.0	0.0	0.0	0.0	0.0	0.0
G4-D5	-0.11941340391699044	-0.017821843759554	-0.022607125779700095	-0.004897083170516004	-0.005190107311707689	-0.01125870879881745	0.002266049448221437	-0.004379568367697819	0.0014241756333127171	-0.001826729497249802	0.011960319485450132	0.0024305665944387538	-0.0030873258807556344	-0.00010200437826125842	-0.0005177719036366525	-4.6572776895435e-05	0.0011239216441594306	0.0010058594680787789	-0.00018437513826464127	-0.0004494384540300044	0.0008598105361279357	0.00042537754854108696	-8.814379680187387e-05	0.00015171692759631045	8.451682374912598e-07	4.5237696580398525e-06	-0.0	0.0	0.0	0.0	0.0	0.0	0.0	0.0	0.0	0.0	0.0	0.0	0.0	0.0	0.0	0.0	0.0	0.0	0.0	0.0	0.0	0.0	0.0	0.0	0.0	0.0
G4-D9	-0.11073734044477637	-0.0015091583892066346	0.0135232161758479	0.003984747855600217	-0.02307734513912066	-0.027086530469074523	0.004254440327880423	0.008201505700643237	0.0019895070377848757	-0.0022668556170733155	-0.004807329591563806	-0.0040767419714281584	0.0017326640537490535	0.00047730013154348964	-0.0003353813143016934	-0.001961160573226288	0.0004510291450450253	-0.002085329051980927	-0.0005661948406726107	0.0007304026079523909	9.675501939620187e-05	-0.00019537856173503927	-0.00013431170175375804	0.00027414964286466976	3.467291352567963e-06	1.6964603901246e-05	-0.0	0.0	0.0	0.0	0.0	0.0	0.0	0.0	0.0	0.0	0.0	0.0	0.0	0.0	0.0	0.0	0.0	0.0	0.0	0.0	0.0	0.0	0.0	0.0	0.0	0.0
G4-J1	0.1852772192846757	-0.005979041885404733	-0.0025960082604669864	0.00019676750864793425	-0.0002473713682496601	0.003906679727492085	0.003379509249725922	6.56970793334577e-05	-0.0005406802095734338	-0.001595539734713774	-0.00023803724058040458	0.0017764146327685284	-9.109851518132693e-06	-2.3484512229249153e-05	-0.0004165927729878455	-0.00044045067429566623	0.0006384859143036427	-0.0008592014646015765	0.0002877359867993571	-0.002087481696825003	-0.001601019842610546	8.852785391208274e-05	-0.0011486140575124946	-0.0002907157987651427	0.0008285851431869111	1.2450441533607597e-06	-0.0	0.0	0.0	0.0	0.0	0.0	0.0	0.0	0.0	0.0	0.0	0.0	0.0	0.0	0.0	0.0	0.0	0.0	0.0	0.0	0.0	0.0	0.0	0.0	0.0	0.0
G4-J2	0.1871236282149432	-0.006289270272806052	-0.002445498779325192	0.00018354877746713937	-0.0003818386069291484	0.0040531589006331855	0.0033736557350164988	7.687565242094454e-05	-0.0006124092926707811	-0.002042014782436849	1.797974736169127e-05	0.001929775071402638	0.00027636972765648893	0.0014634564175726276	-4.017754029299728e-06	-0.0006100072542934231	0.0009049321088641128	0.0003729481425145984	0.001338457996710549	0.00042162802199075867	-0.000671914414679054	-0.0005652069717010208	-0.0013629715485460718	-0.0005643464508004222	-6.964576397593778e-06	2.8029367275030242e-05	-0.0	0.0	0.0	0.0	0.0	0.0	0.0	0.0	0.0	0.0	0.0	0.0	0.0	0.0	0.0	0.0	0.0	0.0	0.0	0.0	0.0	0.0	0.0	0.0	0.0	0.0
G4-J3	0.20389707106633198	-0.009032031687800937	-0.0009921344955741587	0.0008655964455231441	-0.001138114973627238	0.0043562495158482985	0.001869343165225116	0.0004153199426163516	-0.0007596431565429624	-0.004977008105545393	0.002749584319917912	0.004038101079697405	0.0003001213056162028	0.0011203843649617105	-1.0872635349299468e-05	-0.0014141100652232533	-0.0011403408451678104	0.00038774681766031317	-0.0008472391334454674	0.0008726066569718495	0.001012125326581533	0.00025183067989898486	0.00042232540683432126	0.000516755429923719	-1.860567400014009e-05	0.0005850545346866129	-0.0	0.0	0.0	0.0	0.0	0.0	0.0	0.0	0.0	0.0	0.0	0.0	0.0	0.0	0.0	0.0	0.0	0.0	0.0	0.0	0.0	0.0	0.0	0.0	0.0	0.0
G4-J4	0.17974492039706955	-0.005170657289705517	-0.003162549832927153	4.5202823625007875e-05	0.00011078808368599743	0.0045225486549701046	0.003116956551408523	-0.0010065156773512182	-0.0001557223338827475	-0.0013318177537208849	-0.0011039755496133842	0.0006271434966740619	-0.0006117871639701311	-0.00521935926031194	-0.002184102973055276	1.7770423178768978e-05	0.00039164990534412485	-0.00020608693597168944	0.0006996548185213613	-0.00039718123037498415	-0.0007461151442149954	7.194333355727503e-05	-0.0015539178713055671	0.0002419544406743498	-0.0007382140889247706	4.81204320977842e-05	-0.0	0.0	0.0	0.0	0.0	0.0	0.0	0.0	0.0	0.0	0.0	0.0	0.0	0.0	0.0	0.0	0.0	0.0	0.0	0.0	0.0	0.0	0.0	0.0	0.0	0.0
G4-J5	0.17461052668752003	-0.004312967683253791	-0.003617640629501638	-0.00016416280111339953	0.0004915883302945846	0.004180672188554985	0.0039951658344465355	-0.0003289285307648749	-0.0004959229278923365	-7.600115702981552e-05	-0.001910245722923319	0.0005745764478651825	-0.00046437850278648616	0.0003588140156527523	0.00022938685172570837	3.542865678074513e-05	0.001400187503807494	-0.0006684256017551578	0.0006875394369705627	-0.0015095596414986033	-0.001131729088688549	-0.0009677134584281412	0.0019658537309785785	0.0005613316646512477	0.0002554431681159938	0.00012465056880450452	-0.0	0.0	0.0	0.0	0.0	0.0	0.0	0.0	0.0	0.0	0.0	0.0	0.0	0.0	0.0	0.0	0.0	0.0	0.0	0.0	0.0	0.0	0.0	0.0	0.0	0.0
G4-K1	0.16850666908189274	0.050138461645870346	0.03856728912418321	-0.017452917515042743	-0.02144127577011679	-0.026705515871748596	0.012385923668439847	0.006248037428886942	-0.0005605054917223949	0.0019253165638906614	-0.0010827976414331433	-0.0003967492212808028	0.0011334620410894565	-0.00010726745737105471	0.00010008475746467436	-2.4353647960225086e-05	0.0005925945163791192	-8.106703849062009e-05	0.0001598228707647587	-0.00015123372378504605	-9.811111805918042e-05	4.166813928997081e-05	5.9052154853782354e-05	-9.27394326216688e-05	-1.1797620370344416e-05	-4.622619940733907e-06	-0.0	0.0	0.0	0.0	0.0	0.0	0.0	0.0	0.0	0.0	0.0	0.0	0.0	0.0	0.0	0.0	0.0	0.0	0.0	0.0	0.0	0.0	0.0	0.0	0.0	0.0
G4-K2	0.14356418751117983	-0.0029361440612770285	-0.009615654084717415	0.02124413659562172	0.02621268364248757	-0.016319083293797457	0.001944671316522587	0.01577498380204715	-0.005354135656043056	0.0010505201331693157	0.0025600120015158573	0.0013149204788835726	-0.0010053422180041475	2.302396290512069e-05	0.0001242951969240607	-6.352171018115578e-05	-0.0001241920459400313	-0.000503165774133923	-3.423780931128007e-05	0.0001769864613574323	2.302542065068763e-05	-8.86375236862063e-05	-2.3560360072426914e-05	5.054323994658138e-05	6.685625916583847e-06	3.3694284274393198e-06	-0.0	0.0	0.0	0.0	0.0	0.0	0.0	0.0	0.0	0.0	0.0	0.0	0.0	0.0	0.0	0.0	0.0	0.0	0.0	0.0	0.0	0.0	0.0	0.0	0.0	0.0
G4-K3	0.14195180982158767	0.00047162291540567145	-0.00721887270497048	-0.0003694687430366177	0.003641203352642794	0.006427539403641377	0.005100207647943652	-0.0026174587267327972	-0.0002020828082440515	0.0039014906867332706	-0.00812197497983963	-0.0026457111478859854	-0.0032275263468871007	-0.0021269534251107695	0.0008292505188764893	0.002037175467224194	-7.074013481122554e-05	-0.0005382732158821093	-0.002149071073948833	0.0005432428792752989	0.0009268870940107889	0.0005244357699153695	-6.015320636474055e-05	-0.0003083747279995334	-0.00011868676814074076	3.326931391743149e-05	-0.0	0.0	0.0	0.0	0.0	0.0	0.0	0.0	0.0	0.0	0.0	0.0	0.0	0.0	0.0	0.0	0.0	0.0	0.0	0.0	0.0	0.0	0.0	0.0	0.0	0.0
G4-K4	0.17161348624958783	-0.003898754351025137	-0.003912929324380068	-0.00034394807016605207	0.0002931568530333915	0.005108175609142158	0.0035412919890411105	-0.002356749989679848	0.0003180212741714749	-0.0003693330359988697	-0.0031553514189188586	-0.0007961511421315688	-0.000884666167179849	-0.006035389794636992	-0.002204095508476239	0.0005375674517201474	0.0014462465408524596	0.0015987387945105166	0.002290039049526191	0.0020449118271373694	0.0004965931164460704	0.00011564041910256827	0.00016380347616966367	-0.0004073097710936154	0.0005411507569165255	3.378714992619712e-05	-0.0	0.0	0.0	0.0	0.0	0.0	0.0	0.0	0.0	0.0	0.0	0.0	0.0	0.0	0.0	0.0	0.0	0.0	0.0	0.0	0.0	0.0	0.0	0.0	0.0	0.0
G4-K5	0.14453772670766094	0.013838686044922279	0.0035009989023720043	-0.005087674353764353	-0.002785586771131347	-0.009569767189689864	-0.012099443695688768	-0.00200020360487265	0.0028449358438274687	0.0015177303812358596	-0.00990416076813531	-0.004096067377966785	-0.003548502300853702	-0.00028891057174204376	0.0005971204901777971	0.00010162887171824148	-0.0018853700206569396	0.0021465247861541556	-0.0012761261248933535	0.00023965108922576866	0.00017792819979338165	1.3847943629972807e-05	-0.00012144372446750364	0.00023175437447181128	2.51203031074915e-06	3.2559317690825704e-05	-0.0	0.0	0.0	0.0	0.0	0.0	0.0	0.0	0.0	0.0	0.0	0.0	0.0	0.0	0.0	0.0	0.0	0.0	0.0	0.0	0.0	0.0	0.0	0.0	0.0	0.0
G4-L1	0.19033957788625924	-0.0068905435098184096	-0.002222942119191506	0.0004564586304547331	-0.00031164347592189457	0.0044216160323420324	0.0017464846587216475	-0.0005860057338279435	-0.0002358090873910008	-0.0029254023327437927	0.0010057070744650418	0.001728350096800047	-0.0008378716227432098	-0.0073203894403281455	-0.0029306745024481385	-0.00032564387779529443	-0.002110933332707558	-0.0013332982841803731	-0.0029886159899696744	-0.0005289822295732837	0.0008943990225195333	0.00020531303770369928	0.000795413855425368	-6.1522147965927935e-06	-3.766980237196856e-05	-4.986103114160138e-05	-0.0	0.0	0.0	0.0	0.0	0.0	0.0	0.0	0.0	0.0	0.0	0.0	0.0	0.0	0.0	0.0	0.0	0.0	0.0	0.0	0.0	0.0	0.0	0.0	0.0	0.0
G4-L2	0.20224773026760928	-0.0082521501123704	-0.00019579736093439402	0.0007842842399355906	-0.0006816447206078306	0.0021886359211468883	-0.0027163076843938335	-0.0008437487223465509	0.00012322053507556044	-0.00042702291155444363	0.007894854600604387	-0.0054830051820601395	0.0018361227437634407	0.00032118332751092187	0.002707871033302504	-0.001404334250969001	-0.0021771768373176235	0.0007008628979143786	-0.0006863766345439013	-0.00024064446373341976	0.0010953602663915983	-0.0001956799065134151	-0.0002667669500397974	-0.0008247003387372832	2.3569643361610074e-05	0.00011883133135985042	-0.0	0.0	0.0	0.0	0.0	0.0	0.0	0.0	0.0	0.0	0.0	0.0	0.0	0.0	0.0	0.0	0.0	0.0	0.0	0.0	0.0	0.0	0.0	0.0	0.0	0.0
G4-L3	0.19271640424064457	-0.006890553594843945	-0.0018144164798767634	0.0006820384099333368	8.310251240872143e-05	0.0032445344809341145	0.0004617779965449247	-0.0007430922930693072	0.000681438301648702	0.0023228207254866223	0.003850707185585417	-0.0034497633980795873	0.0057448510358008254	0.0019736167390795225	-0.0036275080726121474	0.002996648161877607	0.0008472785142777297	0.0005390496320019182	-0.0015934181559423396	0.0009063612987002515	-0.000867725818069673	0.0010728552936119093	-3.836609523565698e-05	0.0005777682008961425	4.455620863532832e-05	-5.108939753523096e-05	-0.0	0.0	0.0	0.0	0.0	0.0	0.0	0.0	0.0	0.0	0.0	0.0	0.0	0.0	0.0	0.0	0.0	0.0	0.0	0.0	0.0	0.0	0.0	0.0	0.0	0.0
G4-L4	0.1957388253829452	0.000783896500521903	0.005624299753540301	-0.002329114300798985	-0.0044137692319780346	-0.00817759527740446	-0.018735811988128116	-0.003442120612732137	0.0032469122466052707	0.00039306456878460995	0.002497991187180634	0.0025454540340670334	-0.00016387001689697973	0.0018767094570242464	-0.005509883703528841	-0.00021775219430633213	-0.0018524644145721987	-0.0007825953449133348	0.0012071345304554041	-0.00011399682744056601	-0.00014515143511185369	-0.00041406399189554974	-2.105666889065223e-05	-3.2884983061920536e-05	3.883115745230679e-05	-5.002820893108738e-05	-0.0	0.0	0.0	0.0	0.0	0.0	0.0	0.0	0.0	0.0	0.0	0.0	0.0	0.0	0.0	0.0	0.0	0.0	0.0	0.0	0.0	0.0	0.0	0.0	0.0	0.0
G4-L5	0.19507073948076942	-0.00758973711165058	-0.0017660528625801897	0.00047711413900782305	-0.0007669769813072068	0.004191430907357165	0.00251668805587225	0.00023442843431879055	-0.0006669848719992449	-0.003478528681053418	0.0013563035884249762	0.003141426042280666	0.0001800278020456729	0.000901406917625565	-0.0002652979519189338	-0.0009539780947841428	-0.0003918826383604405	-9.427772807644144e-05	-0.00035035060481676447	0.0005214568948926968	0.00039617344707221	-0.000492189483889329	0.0005870470303781964	-0.0003197410246427242	-0.00023367855955147248	-0.0008062061286026531	-0.0	0.0	0.0	0.0	0.0	0.0	0.0	0.0	0.0	0.0	0.0	0.0	0.0	0.0	0.0	0.0	0.0	0.0	0.0	0.0	0.0	0.0	0.0	0.0	0.0	0.0
G4-M1	0.19975701412108976	-0.0033363356866023615	0.004013379097367483	-0.0010765749008365066	-0.0030395725891237506	-0.005524386815836196	-0.01850543662841286	-0.00342831974769969	0.0026504102803534997	0.002466535847821119	0.003329105113880076	0.004705902721426588	-0.00042442242823148986	-0.0013135031248277815	0.004804474791293392	0.0005479857960199635	0.0030123106189842395	-0.00111341289237758	-0.000410740547450027	0.00018525523204137082	-1.4177692296421477e-05	0.0004871245298220134	6.683929838474027e-05	-2.5391912378093586e-05	-2.341617827617905e-05	2.1605947193451156e-05	-0.0	0.0	0.0	0.0	0.0	0.0	0.0	0.0	0.0	0.0	0.0	0.0	0.0	0.0	0.0	0.0	0.0	0.0	0.0	0.0	0.0	0.0	0.0	0.0	0.0	0.0
G4-M2	0.17169847393989957	-0.0034532976855527445	-0.0030869996952792313	-0.0002489892661728111	0.0009349097545191163	0.0026865211072168225	-0.0003534544059301743	-0.0023820051680569186	0.0005990437911420364	0.0036965131370414943	0.002958719723985815	-0.008098205692349654	0.0008955609601934741	-0.003042686256973661	0.0020585139601807137	-5.977249360569145e-05	0.0006911643550793865	-0.00024136063383443872	0.0024737936763268636	-0.0009705939661090381	-0.00040429372287818793	-0.0005006219307065775	0.00038382617041760335	0.00036994753340560585	-6.530467822281357e-05	-9.771483209332372e-05	-0.0	0.0	0.0	0.0	0.0	0.0	0.0	0.0	0.0	0.0	0.0	0.0	0.0	0.0	0.0	0.0	0.0	0.0	0.0	0.0	0.0	0.0	0.0	0.0	0.0	0.0
G4-M3	0.1604521190065474	-0.0022620848335080145	-0.0052448031160475745	4.8700872755547456e-05	0.002117267019682321	0.00442078082884648	0.0041152020833971495	-0.0003324666119713983	-0.000630114413112064	0.0018839313788002164	-0.0031560767395457405	0.0006463499394702262	-0.0005573094809890407	0.006603835891495543	0.002572048040422425	7.763156155928347e-05	-0.0012782335896641462	-0.0014229223377860971	-0.0030683799093854753	-0.0021802786524697635	-0.0005809140831651338	0.0002797972564880524	-0.0002688213368802828	-7.07679313251793e-07	-7.60447499046021e-05	-1.015529313137016e-05	-0.0	0.0	0.0	0.0	0.0	0.0	0.0	0.0	0.0	0.0	0.0	0.0	0.0	0.0	0.0	0.0	0.0	0.0	0.0	0.0	0.0	0.0	0.0	0.0	0.0	0.0
G4-M4	0.17911286364397608	-0.00502416353619286	-0.003186257663427475	0.00021800520624833795	0.0003267969993234446	0.003954922999109669	0.0040649477914302	-2.4357087059486784e-05	-0.000513572059033683	-0.0004837856324155028	-0.0009674675201640493	0.0005539395008322032	0.00014381543735322272	0.0035081018943644692	0.0009886042555171484	-0.000421105533433819	0.0009468724768499254	0.0008302032498349552	0.003300270173525779	-8.688990441540478e-05	-0.0001486115878313585	-1.10532182571193e-05	0.0003991839569407127	0.0007227316598207245	-0.0006319259189231885	0.00011866415577895903	-0.0	0.0	0.0	0.0	0.0	0.0	0.0	0.0	0.0	0.0	0.0	0.0	0.0	0.0	0.0	0.0	0.0	0.0	0.0	0.0	0.0	0.0	0.0	0.0	0.0	0.0
G4-M5	0.17023510076326412	-0.0037435328685223607	-0.004164524241483149	6.343111050840886e-05	0.001326998204233292	0.004585958515026638	0.003844349879961106	-0.0005740950651924126	-0.000555520755336	0.0005064569983541745	-0.00200697986049041	0.00012456971097354538	-0.0001608768676606971	0.007423679306034052	0.0025099694094324735	-7.267090701771601e-05	-6.49142916045271e-05	0.0015493533066894137	0.0008451883713448807	0.002284031574966267	0.0013998247158810934	0.00015049048403154036	1.5900985704602546e-05	-0.0003651356272955726	0.00021995170953133762	-8.348789625348893e-05	-0.0	0.0	0.0	0.0	0.0	0.0	0.0	0.0	0.0	0.0	0.0	0.0	0.0	0.0	0.0	0.0	0.0	0.0	0.0	0.0	0.0	0.0	0.0	0.0	0.0	0.0

Biplot	0	0

Site constraints	0	0
