Eigvals	52
9.97333280300059	0.6872304386446476	0.31214373170637555	0.18715600075597527	0.13186819221844787	0.08783230395761081	0.07722424381349889	0.05902262166967083	0.054861027678864485	0.043886003906015145	0.03493460798845589	0.024127059202666154	0.023237724354336534	0.01618855176560656	0.014732830975921388	0.013204418657540198	0.009555539208759248	0.008208752147540563	0.006938709134635332	0.004468412981944267	0.001982510808122423	0.0008309269775293449	0.0006156335485485998	0.00023178588173011772	8.077566551221473e-05	4.950162271465271e-05	0.0	0.0	0.0	0.0	0.0	0.0	0.0	0.0	0.0	0.0	0.0	0.0	0.0	0.0	0.0	0.0	0.0	0.0	0.0	0.0	0.0	0.0	0.0	0.0	0.0	0.0

Proportion explained	52
0.8470680567376329	0.05836874831034737	0.026511396888290215	0.015895776567232792	0.01120000059502463	0.007459887331723095	0.006558909787955042	0.005012985972577457	0.0046595280659423996	0.0037273830905817226	0.002967111504869188	0.0020491907326553324	0.0019736565900929804	0.0013749471070857349	0.0012513079380308126	0.0011214948376361783	0.0008115834684879587	0.0006971964003613772	0.0005893274574347787	0.00037951705574068144	0.0001683811831880685	7.05733694091603e-05	5.2287788238116484e-05	1.9686339591242656e-05	6.86054374887952e-06	4.204336121787177e-06	0.0	0.0	0.0	0.0	0.0	0.0	0.0	0.0	0.0	0.0	0.0	0.0	0.0	0.0	0.0	0.0	0.0	0.0	0.0	0.0	0.0	0.0	0.0	0.0	0.0	0.0

Species	0	0

Site	52	52
G4-A1	-0.3585584445259618	-0.062496843531164956	0.035392005152363334	0.010948909106245169	-0.04674147341289597	-0.025203994585196798	0.008048592580371222	-0.00998181677314496	-0.008505013125643031	-0.0033213589773737804	-0.01878903868734722	0.004332619957309976	-0.012475494931376046	-0.01065877106569915	-0.022460082544971158	0.0039228661880189065	-0.017829057066790832	-0.0023563771149970087	-0.015671747437487334	-0.012060028256041688	0.011642971230224982	-0.007831648871057115	-0.0016364335761690997	-0.00010519127767192205	0.0006664565110188408	-0.0005533893419425059	0.0	0.0	0.0	0.0	0.0	0.0	0.0	0.0	0.0	0.0	0.0	0.0	0.0	0.0	0.0	0.0	0.0	0.0	0.0	0.0	0.0	0.0	0.0	0.0	0.0	0.0
G4-A10	-0.333552356674076	0.2849273331109503	0.018236102880535197	-0.039007629006840266	-0.02502292936001714	0.036293381835856536	0.04338293276918751	-0.03286436921874805	0.010609077608332495	0.022608521799118066	-0.005031408827478769	0.008967297851911218	-0.018027673209559857	0.028099978667240014	-0.037606597735882305	-0.014038663309443955	-0.021189169946671232	0.006254519294585486	-0.016539754211216035	-0.004319266206679794	-0.006105992373143602	-0.00019661758106043195	-0.0009044887462701785	0.0003762413885439274	-0.00019218006798869727	-1.2426928602918795e-05	0.0	0.0	0.0	0.0	0.0	0.0	0.0	0.0	0.0	0.0	0.0	0.0	0.0	0.0	0.0	0.0	0.0	0.0	0.0	0.0	0.0	0.0	0.0	0.0	0.0	0.0
G4-A11	-0.35750724184191074	0.12036379761426086	0.05587407909975587	-0.17940450519934578	0.1013362396559164	-0.0501769220657118	0.009962869547944992	4.900239552323254e-05	-0.04704955230917915	0.012117418654047281	0.03810657231452552	-0.027020747157576595	-0.011110921614767939	-0.0003693972054860814	0.0034389062073848274	0.003074935277289544	0.005257760799200006	-0.011689041630661614	0.010163363430605542	0.00878986011930884	0.00029464597029036683	-0.0015653110829046122	-0.000976021317366402	0.00020724750346038772	7.594138632876498e-05	6.581575563895487e-06	0.0	0.0	0.0	0.0	0.0	0.0	0.0	0.0	0.0	0.0	0.0	0.0	0.0	0.0	0.0	0.0	0.0	0.0	0.0	0.0	0.0	0.0	0.0	0.0	0.0	0.0
G4-A2	-0.35755625163548593	-0.13234136972378682	0.05059035861959908	0.03911464050753416	0.054388266008118386	0.04575215685293271	-0.00709245411705008	-0.005225463860765586	-0.0027740899402598717	0.018670402190464626	-0.012388932449555823	-0.003047941644559469	-0.02134567037351097	-0.019783685222761044	0.015604216307672279	-0.018347503851927512	-0.01804247859302696	-0.0048851629007710205	0.028452274320244053	-0.009323697514641913	-0.00016356044013753404	-0.0022469237112202984	0.0054653951329685395	0.0014232465704370992	-0.000715104759739846	0.00014676846698908111	0.0	0.0	0.0	0.0	0.0	0.0	0.0	0.0	0.0	0.0	0.0	0.0	0.0	0.0	0.0	0.0	0.0	0.0	0.0	0.0	0.0	0.0	0.0	0.0	0.0	0.0
G4-A4	-0.3471948480876449	-0.11224971943307142	-0.1803882932650419	-0.13638940202949693	-0.030622692609098813	-0.03009900137524006	0.05404468890089058	-0.07483961338414108	0.05386911012476824	-0.005802421061924667	0.007964764629802265	0.02203194819156456	0.00047286164573316424	-0.018759008912736554	-0.014085789084641247	0.00306073867493483	0.004148178095462552	-0.006352435994560817	0.004029557098234978	0.001490711326586742	-0.0005945331965491126	-0.00044557762960418764	0.0013463313433314027	0.0009834271701289732	-0.0007023887665132528	7.864666882325178e-05	0.0	0.0	0.0	0.0	0.0	0.0	0.0	0.0	0.0	0.0	0.0	0.0	0.0	0.0	0.0	0.0	0.0	0.0	0.0	0.0	0.0	0.0	0.0	0.0	0.0	0.0
G4-A5	-0.3581666078905204	-0.07498058539347291	-0.007183746704906386	0.0696344538691085	-0.04622524394264018	0.046734759188757344	-0.003360479860027312	0.011164265111333064	0.02862125114800514	0.09560663570784644	-0.0339949037502327	0.01019551975670246	-0.0027250121369599106	0.03707930864349364	0.026258782054796943	0.007352487986365615	-0.005036365299580851	-0.014652998263522123	-0.00036841904486264147	0.015563037478879778	-0.004806937486183281	0.0007202269497844207	-0.001127552122658998	-0.0007871321174754957	0.0001951976928059865	-0.0003944390998284666	0.0	0.0	0.0	0.0	0.0	0.0	0.0	0.0	0.0	0.0	0.0	0.0	0.0	0.0	0.0	0.0	0.0	0.0	0.0	0.0	0.0	0.0	0.0	0.0	0.0	0.0
G4-A6	-0.26976819782166583	-0.18678932538538615	-0.3769813043744578	-0.013227714625811262	0.04386804329081459	0.03101293902084692	0.0030981941951625297	0.025531886935920855	-0.042112401356160255	0.007822656988230195	0.03143040758140142	-0.005830337251659096	-0.035065720269861815	0.011453418309837317	-0.005320552773465271	0.005197192267571233	-0.013584735169928279	0.0010302892666159242	-0.00016958889050141198	-0.005658975674190294	0.001349332247153053	0.0007188952975298356	-0.0012120822080607734	-0.00010506888457314137	-5.310144839338089e-05	-9.739906372325449e-05	0.0	0.0	0.0	0.0	0.0	0.0	0.0	0.0	0.0	0.0	0.0	0.0	0.0	0.0	0.0	0.0	0.0	0.0	0.0	0.0	0.0	0.0	0.0	0.0	0.0	0.0
G4-A7	-0.3647221897532771	-0.04617387085758583	0.09974479850433357	-0.09957062167716076	-0.02277598570224375	0.06202488160409221	-0.00844013545428235	0.01867063810536171	-0.000778135672072938	0.05541561030641076	-0.0615209894959692	0.02200014089479531	0.028926272151927532	0.0014384767305184237	0.0010722708976102998	-0.00920434320566036	-0.0075747369075649	0.009248547098465473	0.0031353909274423756	0.008021428958720087	0.0016259067817181972	0.001478003341213405	0.0005353224948504663	0.00037876153126583	-0.0006108098388547167	-3.611991481361652e-05	0.0	0.0	0.0	0.0	0.0	0.0	0.0	0.0	0.0	0.0	0.0	0.0	0.0	0.0	0.0	0.0	0.0	0.0	0.0	0.0	0.0	0.0	0.0	0.0	0.0	0.0
G4-B1	-0.3654303671623776	-0.07036843940334708	0.0191179523445658	0.039995611528493985	-0.017045654702511955	0.008238462598341212	0.039913828991463514	-0.03176955947034849	-0.008164483806971542	-0.033932821110982184	-0.009365670305919416	-0.01254273543096668	-0.005957131093722585	0.0020293245505262126	-0.003203162945921847	0.023479510457524482	-0.01415252944497914	0.000211591851087204	0.00101120251114849	0.016443977574381177	0.014492787424204406	0.0011930361215789112	0.001456243606670741	0.0008547968578323834	-0.00040949850840046095	0.001075254847929819	0.0	0.0	0.0	0.0	0.0	0.0	0.0	0.0	0.0	0.0	0.0	0.0	0.0	0.0	0.0	0.0	0.0	0.0	0.0	0.0	0.0	0.0	0.0	0.0	0.0	0.0
G4-B10	-0.3266511323902601	0.23743078508964421	-0.04673053916169954	0.12411866762660816	0.05604114546938069	-0.026738969077939632	0.004907559238803808	0.0020589500013896513	0.07541108940171157	0.011223381610378036	-0.0182966882411309	0.004123597849128655	-0.0310279776512052	0.011315404896293967	0.00682605125679007	0.012377250571114752	-0.002933497954065549	-0.00020255195342596294	-0.0032916517539266473	-0.0014564973128179215	-0.0032763038968460544	-0.0028031376133074693	-0.0009086385052587482	0.0008698275776637882	-0.0003620733456982561	-0.00014884106582025483	0.0	0.0	0.0	0.0	0.0	0.0	0.0	0.0	0.0	0.0	0.0	0.0	0.0	0.0	0.0	0.0	0.0	0.0	0.0	0.0	0.0	0.0	0.0	0.0	0.0	0.0
G4-B11	-0.338350527055374	0.2392122948376049	0.017524690664609755	0.012933967372973016	0.006118507957604008	-0.001694984433157079	0.030601798881060828	-0.014102214872477823	-0.015468249628523889	-0.023326353006632924	-0.032368037420385756	0.031802614231876004	0.005584543862166451	-0.04142821140061499	0.013129960018942684	0.03812130664595856	-0.012347164933473743	0.018074935164217983	0.0015596248442199328	0.0069303998570879296	0.0009960386372570434	0.00070501966954348	-0.0038046485124183494	0.0007451767675026999	-0.0004184225563477591	0.00013842129751814243	0.0	0.0	0.0	0.0	0.0	0.0	0.0	0.0	0.0	0.0	0.0	0.0	0.0	0.0	0.0	0.0	0.0	0.0	0.0	0.0	0.0	0.0	0.0	0.0	0.0	0.0
G4-B2	-0.3568503739532895	-0.06368708834986632	0.016620562229494377	0.05680944987947666	0.011847758057877517	0.0068502694908524064	0.054405424216880806	-0.03692928765224081	-0.035048171575240525	-0.09907533669487166	-0.008480424681589755	-0.0036215840927225694	0.042750176057859	0.04595486376968048	0.001318822267383629	-0.015623540306404808	0.003477146796704507	0.001493744113528427	-0.0012740023208534592	0.0010688334007236937	-0.0038780962128871664	-0.001381792030450294	9.485484138635219e-05	0.0006240106936834602	-0.0006797084143248453	-0.0005526217480709117	0.0	0.0	0.0	0.0	0.0	0.0	0.0	0.0	0.0	0.0	0.0	0.0	0.0	0.0	0.0	0.0	0.0	0.0	0.0	0.0	0.0	0.0	0.0	0.0	0.0	0.0
G4-B3	-0.36110956078729267	-0.04059431166604426	0.028459766483665664	-0.011510957880239859	-0.02391462072012068	-0.06131561456489983	0.0507384857127039	0.07298182874068612	-0.0266816358715188	-0.02715462397346132	0.02332716994641597	0.014751595083613605	0.02377678938633522	-0.027796372654052468	0.01622254947246991	-0.031034259775771598	-0.0396327885701125	-0.0014206844994817005	0.0008418058278606857	0.0076754520030028455	-0.006277250398693612	0.001552834314789321	0.0021302496839379287	0.0005447962848054889	-0.0007203888826735762	-0.00011284960764595932	0.0	0.0	0.0	0.0	0.0	0.0	0.0	0.0	0.0	0.0	0.0	0.0	0.0	0.0	0.0	0.0	0.0	0.0	0.0	0.0	0.0	0.0	0.0	0.0	0.0	0.0
G4-B4	-0.319607959378215	0.0318819885211843	-0.2733708127385602	-0.05217861995664451	-0.05636014591000761	-0.00950050164602779	-0.057264927957426964	-0.004402550553310366	-0.004372316186136468	-0.005632167405001639	-0.06287890995654419	-0.005878324143814747	0.04564139541024699	0.0017197947134707777	0.012624971010422288	-0.010339936467748593	0.009488586469671685	0.005427976918217285	0.0018747029611239166	0.004640474053565544	0.0012991107630639025	0.000795320546270181	-0.000840533876833906	-0.0009593504001011446	0.0007528694945012641	0.00010712527274478116	0.0	0.0	0.0	0.0	0.0	0.0	0.0	0.0	0.0	0.0	0.0	0.0	0.0	0.0	0.0	0.0	0.0	0.0	0.0	0.0	0.0	0.0	0.0	0.0	0.0	0.0
G4-B5	-0.3670312650417348	-0.02536589786834444	0.06434047902730626	-0.05504514605150358	-0.0706770305765934	0.0008170423976228662	-0.07103238502971483	0.034929404979908894	-0.0013936827448574635	-0.05050176299432335	-0.006486609553021578	-0.010873191155459205	-0.052051754785118864	0.012601853183156151	0.011770181644569866	0.004896696450376782	-0.025420144257890454	0.007253347047830562	0.009580122894285517	-0.010349703985910258	-0.00021225485086498575	-0.0012335950265129634	0.0008875166015554455	-0.0003895105878709796	0.00029680492516505856	-0.00012935037852870727	0.0	0.0	0.0	0.0	0.0	0.0	0.0	0.0	0.0	0.0	0.0	0.0	0.0	0.0	0.0	0.0	0.0	0.0	0.0	0.0	0.0	0.0	0.0	0.0	0.0	0.0
G4-B6	-0.36741507500681386	-0.07662591315713319	0.026830177887153386	0.03311306301212936	-0.0008413901172770516	-0.007866390027335168	0.0068584383988824025	-0.018738394420225634	0.008505876840643254	-0.03224941566724105	-0.026122736319569892	-0.00937172242967487	-0.029631063953668293	-0.006911610231669629	0.0007213283004877729	-0.008304570868546614	0.005257470239167873	-0.03315294875451003	0.021977008198257292	0.005018914907223496	-0.013312805593593392	0.0005528272606547283	-0.0003380662271725123	0.0007519903388762453	-0.0003078840325233692	0.0003176816330838441	0.0	0.0	0.0	0.0	0.0	0.0	0.0	0.0	0.0	0.0	0.0	0.0	0.0	0.0	0.0	0.0	0.0	0.0	0.0	0.0	0.0	0.0	0.0	0.0	0.0	0.0
G4-B7	-0.3524112289981071	-0.03269523173161866	0.05422914345022678	-0.0355077664237374	0.06655199326150091	-0.0756872330783039	-0.06198750479042627	0.049290905260681785	0.06957211337233671	-0.05090092806831716	-0.029298948366247628	-0.01728695901474233	0.011341402481778971	0.03394750292327703	-0.006264854293864417	-0.006602444441798405	0.011424801121264226	-0.005290146090591814	0.005998069854645194	0.0026494795510950513	0.007938713093271349	0.003734227478747591	-0.0035187431843707196	-0.0015624915908250632	0.000826724461277216	0.00028621198652930044	0.0	0.0	0.0	0.0	0.0	0.0	0.0	0.0	0.0	0.0	0.0	0.0	0.0	0.0	0.0	0.0	0.0	0.0	0.0	0.0	0.0	0.0	0.0	0.0	0.0	0.0
G4-B9	-0.3392670818798087	0.23490563932012865	-0.03268940866255005	0.01887762668610987	0.03373982825571248	0.02820946577203243	0.018687901323589256	0.01004857803131789	-0.006615789818744905	-0.01764621718033545	0.003799959161605168	0.03427201987116951	0.004090605862269551	0.01329640733421342	-0.007716260928027071	0.017126854760934975	0.012191154113671407	-0.015437277612347148	0.0008711362479425201	-0.019096530637674303	0.000492098349071868	-0.0014526254388930533	0.006215005612008827	-4.6850483138383266e-06	-0.00048387140322339427	-0.0005781119680943785	0.0	0.0	0.0	0.0	0.0	0.0	0.0	0.0	0.0	0.0	0.0	0.0	0.0	0.0	0.0	0.0	0.0	0.0	0.0	0.0	0.0	0.0	0.0	0.0	0.0	0.0
G4-C1	-0.35853558399930563	-0.08583213324850265	0.04882389789377174	-0.05673235188388609	0.05479300147992167	-0.06969300619694983	0.029729918020542798	0.035184530958015714	-8.745341760951524e-05	0.01226905139086179	-0.017130433092664807	0.01102388083229416	0.012662584748705038	-0.00923235185063658	-0.03501042437434597	0.045273925133925995	0.01770352718511351	-0.019273360829289998	-0.005609091072604263	0.0038300435655547753	-0.009651366614148501	0.0019366183069563227	0.0029355097503976565	-0.000797379205195303	0.0004316948647233119	7.752240946332156e-05	0.0	0.0	0.0	0.0	0.0	0.0	0.0	0.0	0.0	0.0	0.0	0.0	0.0	0.0	0.0	0.0	0.0	0.0	0.0	0.0	0.0	0.0	0.0	0.0	0.0	0.0
G4-C10	-0.3305715455428428	0.25179909135757095	-0.06020482574323603	0.033627742428540816	0.029901561001100658	0.03179040682058025	0.04679159807490018	0.07529250265767483	-0.008300231506403466	-0.0009940236979866584	0.03621137823886049	0.013757970123202307	0.010109144767303055	0.010361076831754825	0.033016267058536816	-0.014084358044503732	0.010439728360472994	0.0076843632412983845	-0.0005670506425795491	0.004894209779225606	-0.001897208083439965	-0.0006250119128284297	-0.0011284410327420291	-0.0005953183978495617	0.0006746201373310134	0.0003882424915947153	0.0	0.0	0.0	0.0	0.0	0.0	0.0	0.0	0.0	0.0	0.0	0.0	0.0	0.0	0.0	0.0	0.0	0.0	0.0	0.0	0.0	0.0	0.0	0.0	0.0	0.0
G4-C2	-0.32974811190046377	-0.024123910795499144	0.013868245074537492	0.027721433752896905	-0.16019764058341554	-0.049732104221999696	0.0528732018758444	0.08853826620210191	-0.011901009198859855	0.022815799836553508	0.04121905058618382	-0.008589727371297038	-0.008911958125645932	-0.011131184471566772	-0.002227108703282035	-0.014009704693093279	0.024623134458822946	-0.0071649224690766514	-0.012899692137044963	0.006593493100502756	0.0026840070096755342	0.0020123001865488496	-0.000278806949423521	-0.00018934103079498162	-3.1496842412313577e-05	-0.00013230314425582558	0.0	0.0	0.0	0.0	0.0	0.0	0.0	0.0	0.0	0.0	0.0	0.0	0.0	0.0	0.0	0.0	0.0	0.0	0.0	0.0	0.0	0.0	0.0	0.0	0.0	0.0
G4-C3	-0.3204460644663935	-0.0905839739986363	0.08902114446424404	-0.08554883341268063	-0.010633426163819567	-0.04190739403681636	0.05977211592752584	-0.060172620763971056	0.05031354464594383	0.024584028619646685	0.014846912478527473	0.013241916673340874	-0.020562206163839244	0.020801707812430754	0.029768149156110004	-0.01051965753779732	0.006937005870284427	0.024222580991024766	-0.004655019694236942	-0.005970939939288725	0.002269421255168638	0.002456393306199667	-0.00023889801638004655	-0.0010516668196184173	0.0005676196640626203	-0.0001524854668840027	0.0	0.0	0.0	0.0	0.0	0.0	0.0	0.0	0.0	0.0	0.0	0.0	0.0	0.0	0.0	0.0	0.0	0.0	0.0	0.0	0.0	0.0	0.0	0.0	0.0	0.0
G4-C4	-0.35927593563107063	-0.04322412113800205	0.07157477336591012	-0.054149628230459594	-0.08966010880776502	0.07281661121054125	-0.029813978563549115	0.005515669486512709	-0.036057903533811324	-0.01582015987033146	0.008968454452576777	0.028477931163049273	0.0034562978083041186	-0.006224996530529262	-0.011763370961916708	0.00997400421101225	0.027651299238429395	-0.0009537096947139296	-0.005833769124007713	-0.006682961290510912	-0.003968807125376355	-0.0014874380205824786	-0.0014992577867186353	-1.8528275777051791e-06	0.00010568754979271384	-4.534531942660935e-05	0.0	0.0	0.0	0.0	0.0	0.0	0.0	0.0	0.0	0.0	0.0	0.0	0.0	0.0	0.0	0.0	0.0	0.0	0.0	0.0	0.0	0.0	0.0	0.0	0.0	0.0
G4-C5	-0.3406603832515136	-0.1779763982036758	0.07343913682329004	-0.0055992416079060974	0.13757732617827573	0.02027170583883749	0.00551001390172119	0.0314458933544146	-0.06422160890667002	0.04450338172153715	0.012066396155981313	-0.005012090385495485	0.003431514027160753	0.030085504809947657	-2.7397457708454107e-05	0.016130479915009023	-0.005092393579574567	0.006858469648570379	-0.001658647938550079	-0.0052812188704210155	0.00469141725702787	0.0015828991763754466	-0.002429947791858382	1.1602764520503245e-05	-0.00016560245526198254	-1.8330431642861755e-05	0.0	0.0	0.0	0.0	0.0	0.0	0.0	0.0	0.0	0.0	0.0	0.0	0.0	0.0	0.0	0.0	0.0	0.0	0.0	0.0	0.0	0.0	0.0	0.0	0.0	0.0
G4-C9	-0.35211727728784686	0.11720435568932808	0.030437339526655713	0.015367938072585173	-0.08249960655319799	-0.023220596856367938	-0.13436772171353042	-0.04668976235735364	-0.043317532399777474	-0.009559010076010125	0.047049804538376046	0.0035465363577722266	-0.0073847765496391545	0.014637380663352687	0.004674424156959441	0.007295065348434549	-0.001584622199112435	-0.006962688467601896	0.002746418491910525	0.010503700119309527	-0.0004035937179287579	0.0007759852646739091	0.0006676581170501559	0.000705502022821355	-0.0006761430766877762	0.00010793554199818325	0.0	0.0	0.0	0.0	0.0	0.0	0.0	0.0	0.0	0.0	0.0	0.0	0.0	0.0	0.0	0.0	0.0	0.0	0.0	0.0	0.0	0.0	0.0	0.0	0.0	0.0
G4-D1	-0.35134366450479965	-0.13065765783985356	0.04536436519402959	0.03948788965700261	0.04428869069922591	0.05415924305005744	0.03189120708976272	-0.018457629341689718	-0.023912766997048748	-0.014751974469000445	0.003551042492960285	0.027329323478819213	0.0077092925463579706	-0.017957659048472536	-0.0031934159463115875	-0.0230801052877579	0.01775506994210932	0.008980055464589251	0.00013587609955880553	-0.017091092705724207	0.008367580742131873	-0.0016183664619506424	-0.004831638367336944	-0.001440381586229477	0.0014178935507398037	0.00033997465729445324	0.0	0.0	0.0	0.0	0.0	0.0	0.0	0.0	0.0	0.0	0.0	0.0	0.0	0.0	0.0	0.0	0.0	0.0	0.0	0.0	0.0	0.0	0.0	0.0	0.0	0.0
G4-D10	-0.32323459358718737	0.2862608240111189	-0.011810521101188907	0.03337363813313519	0.024667486065285297	0.05500187399580244	0.021032742277106768	0.007424639248750051	0.03300040560075274	-0.0007953284969639096	-0.008656020779498166	-0.07152109228542029	0.003859760086306909	-0.030732899968102516	-0.010702161134129733	-0.01663780283870178	0.008855911816535587	-0.002677650001050543	0.009545934036645847	-0.0018818917105355628	0.008226534593181688	0.002541678291944063	0.0010158556619634328	-0.0007844971089213718	0.0005011775690012221	3.8019033707287046e-05	0.0	0.0	0.0	0.0	0.0	0.0	0.0	0.0	0.0	0.0	0.0	0.0	0.0	0.0	0.0	0.0	0.0	0.0	0.0	0.0	0.0	0.0	0.0	0.0	0.0	0.0
G4-D2	-0.34913478411307225	-0.02926920117554645	0.015897134841849264	0.049411155724178826	-0.11174083641075823	-0.03256748570799196	0.013374458785325416	-0.00819853295594009	-0.005773361622610949	0.03889317869346989	0.018707755635457686	-0.06502136088403275	0.008086895258848096	0.005854363749426979	-0.005992336701239274	0.030608880115180814	0.008355461536110336	0.021935088757867417	0.01623555195982442	-0.01967393978137341	-0.0011186572391547354	-0.0016068355423384342	-0.0006275200443711848	0.0008904904309861688	-0.00019595909934166982	0.00026573060166085264	0.0	0.0	0.0	0.0	0.0	0.0	0.0	0.0	0.0	0.0	0.0	0.0	0.0	0.0	0.0	0.0	0.0	0.0	0.0	0.0	0.0	0.0	0.0	0.0	0.0	0.0
G4-D3	-0.34713333535992263	-0.07214195355219634	0.019828380966893728	0.0622574198379665	0.01621518326009738	0.050185138920500555	-0.06383714632218204	-0.013780896466068317	0.08024247984390152	0.027380532782139783	0.08148807575655805	0.02802267411756657	0.050995730901265954	-0.021122988314590797	-0.022038799964007944	-0.0003128890937199001	-0.014451744579075873	-0.016539835263979792	0.01313612407167857	-3.939483522228713e-05	0.003262229975938887	0.0007114143158116762	-0.0009503954297271694	-0.000565300087876955	0.00040349435599271855	0.0002201840787750947	0.0	0.0	0.0	0.0	0.0	0.0	0.0	0.0	0.0	0.0	0.0	0.0	0.0	0.0	0.0	0.0	0.0	0.0	0.0	0.0	0.0	0.0	0.0	0.0	0.0	0.0
G4-D4	-0.3478410480806936	-0.12792284697990197	0.02734263673787247	0.09941492163607034	0.030510918997984058	0.08046951727596725	-0.013318491714308673	-0.05263128958538458	0.003103086042633564	-0.03747757787154378	0.033318940565962935	-0.024312609592163	-0.0062164024532374035	-0.004463758946910023	0.003552220120494574	0.007201295451940426	0.012666912091150341	0.012756615754021951	-0.024019517074837814	0.021334558633285077	-0.008091184456352112	0.003444544461822525	0.001204136830036785	-0.0007679988428550333	0.00012144088989959526	-0.0003942034484071489	0.0	0.0	0.0	0.0	0.0	0.0	0.0	0.0	0.0	0.0	0.0	0.0	0.0	0.0	0.0	0.0	0.0	0.0	0.0	0.0	0.0	0.0	0.0	0.0	0.0	0.0
G4-D5	-0.3516530466173356	-0.112329078486748	-0.0002221714771275832	-0.03788287404815401	0.08690586324049525	-0.008106474779393882	-0.07727762765080079	0.02364069734632638	0.03589529513558587	0.008717744630745436	-0.015120589109427113	-0.03044473360261165	-0.004092848147945943	-0.04035825765211454	0.010660276072823407	-0.010356394415840126	0.01283158499553552	0.021911335178846848	-0.03243829873105618	-0.001629457035339543	-0.0075298548534314036	-0.004405564704659944	0.002329206151790933	0.001985690421238288	-0.0009458316880313967	-0.00024046573062315725	0.0	0.0	0.0	0.0	0.0	0.0	0.0	0.0	0.0	0.0	0.0	0.0	0.0	0.0	0.0	0.0	0.0	0.0	0.0	0.0	0.0	0.0	0.0	0.0	0.0	0.0
G4-D9	-0.3470532647534563	0.04785913836503766	0.027296121148272436	0.051388963003908765	-0.006785735459665094	-0.09483245914227119	-0.050157515424477495	-0.06673979905231235	-0.047210832239049594	0.026695727340965803	-0.02699887265060757	0.014924119471036225	0.003751150222932614	-0.011265372759808136	0.002649064554845775	-0.03328940158650383	-0.0014794683333002566	-0.005112098828749948	-0.008478585449443455	-0.006404613596192142	0.0015727107798013148	0.0020614644904627774	0.00023498889385964198	-0.0014076384031128219	0.0007361632697631322	-6.814253077762915e-05	0.0	0.0	0.0	0.0	0.0	0.0	0.0	0.0	0.0	0.0	0.0	0.0	0.0	0.0	0.0	0.0	0.0	0.0	0.0	0.0	0.0	0.0	0.0	0.0	0.0	0.0
G4-J1	0.5686653151966992	0.001823672216172174	0.007592866081010524	-0.02167787439626742	-0.00560059488715546	0.02161120253848761	1.0437340181804443e-05	0.00427481901482473	0.0004754825033914233	-0.002774400962681077	-0.0030135345973871116	-0.0020794656545997984	-0.00892697306866495	0.0007531966398532567	-0.008128740723278197	-0.006953090223396747	0.0003918100105300894	-0.0012811456384299352	0.0007376194291382342	-0.0006322623536800475	-0.005912265867049427	-0.0019076343358680496	-0.0061097480338295155	-0.003487052751155987	-0.0016613321640454556	0.005417815106652902	0.0	0.0	0.0	0.0	0.0	0.0	0.0	0.0	0.0	0.0	0.0	0.0	0.0	0.0	0.0	0.0	0.0	0.0	0.0	0.0	0.0	0.0	0.0	0.0	0.0	0.0
G4-J2	0.5679916523834584	0.0014194074217181898	0.0070619058629237935	-0.03493616991937837	-0.003530308471614055	0.016081574747129443	0.00846359315851509	-0.008344196939875937	0.006581788268939389	0.00013790630221105003	0.007084778163422987	-0.0021374970390489758	-0.014742015123982552	0.001159268047412248	0.0026695545842014513	-0.00708829659868528	0.007738526244283123	-0.0018461889005468779	0.005845164598278931	0.0018498425152422193	-0.00034773196985596463	0.0049126369117350206	-0.0070143892705243046	0.007153896089795751	0.001953022558922366	-0.0006210152739295987	0.0	0.0	0.0	0.0	0.0	0.0	0.0	0.0	0.0	0.0	0.0	0.0	0.0	0.0	0.0	0.0	0.0	0.0	0.0	0.0	0.0	0.0	0.0	0.0	0.0	0.0
G4-J3	0.6192289404202698	-0.0016593568773865548	0.01427618313733565	-0.04845373269568696	-0.010971893801869638	0.01648410918161406	0.015759957174878887	-0.023308176847699234	0.021808907545770313	-0.004142401150443184	0.0077733788571885554	2.550726586154421e-06	-0.011264659612220862	-0.00021200321256308828	0.023678821164685303	-0.006051487650277369	0.008205115870360049	-0.013451362888225994	-0.0026124528607329753	-0.011455337528360454	-0.0008574868774544475	0.0035609629785237707	0.004771842298225479	-0.0016431670910069147	0.0040288129546141764	0.0009895756927616006	0.0	0.0	0.0	0.0	0.0	0.0	0.0	0.0	0.0	0.0	0.0	0.0	0.0	0.0	0.0	0.0	0.0	0.0	0.0	0.0	0.0	0.0	0.0	0.0	0.0	0.0
G4-J4	0.5659925410511095	0.0017061745368286243	0.007050073541973103	-0.011946964892878132	-0.00580870373053319	0.02110918576952829	-0.0042333544111025035	0.012041912614033349	-0.0030889288578794688	-0.0031992999483441828	-0.008951297732600732	0.0022014875725180918	-0.008084159725193092	0.0006443023989180824	-0.022125528250635036	-0.008714715717193058	-0.00028390617155399313	0.010316791475607085	0.00615051599602661	0.0036373462362898653	-0.008778304799570787	-0.0013289822944541725	-0.0050053897892676676	-0.0037114288978775615	-0.001181095944746109	-0.0009802986466896243	0.0	0.0	0.0	0.0	0.0	0.0	0.0	0.0	0.0	0.0	0.0	0.0	0.0	0.0	0.0	0.0	0.0	0.0	0.0	0.0	0.0	0.0	0.0	0.0	0.0	0.0
G4-J5	0.5397865136670035	-0.002276882276326542	0.002166208268473974	-0.01595333565731679	-0.0017173912841319996	0.013082275228331431	-0.003500437783029578	0.01046204278500584	-0.0033702541588019335	-0.0037622084250578227	-0.0002166077387397666	0.007342116760210337	-0.00866106735910622	-0.006632926093361795	0.0041344973087515495	0.0026844105020808065	0.020360442111728765	0.009319187767626325	0.024037596308189503	0.013482880898930771	0.010814740072297416	-0.007194312400174384	-0.00011573444668501274	-0.0036136168427640275	-0.001068479240079048	-0.0014288444825354346	0.0	0.0	0.0	0.0	0.0	0.0	0.0	0.0	0.0	0.0	0.0	0.0	0.0	0.0	0.0	0.0	0.0	0.0	0.0	0.0	0.0	0.0	0.0	0.0	0.0	0.0
G4-K1	0.511805109248218	0.19041732610362958	-0.026855705226362492	0.025701037802468872	0.058855850021457934	-0.03861753331848144	-0.04459883107097062	-0.0424434219981729	-0.08211242543384682	0.03762499822480582	0.009601181360493281	0.011036651434247056	-0.010499036716078988	-0.00838474098263333	0.0021772036360124467	-0.0072688388064094155	0.00928189630634797	-0.0049495709072055185	-0.004000104392686934	0.0027058554430601837	0.0018254759120652287	0.001520824187138468	5.080627316129364e-05	0.00018078055193140522	-0.0002735006518156844	8.256722601375259e-05	0.0	0.0	0.0	0.0	0.0	0.0	0.0	0.0	0.0	0.0	0.0	0.0	0.0	0.0	0.0	0.0	0.0	0.0	0.0	0.0	0.0	0.0	0.0	0.0	0.0	0.0
G4-K2	0.4675719078302059	-0.13419570724689012	0.004735042030473822	0.1363620142029722	-0.007069060228340842	-0.029095261591474072	0.061411138948303155	-0.025707581794140566	-0.04385739568427693	0.02133515605032514	-0.04046511242947307	-0.0257108705526169	0.004260931386667918	-0.014634253920608235	0.00302307350197411	0.002649537089902103	0.004587472765789036	-0.014425296322402631	0.002028231887622323	0.0018578882578406304	-0.0017554747165233577	-0.000310055729741256	0.0011526544282150482	-5.299536488371915e-05	0.00019708581574718213	0.0001298235801412363	0.0	0.0	0.0	0.0	0.0	0.0	0.0	0.0	0.0	0.0	0.0	0.0	0.0	0.0	0.0	0.0	0.0	0.0	0.0	0.0	0.0	0.0	0.0	0.0	0.0	0.0
G4-K3	0.49287916605003346	-0.06450140670076458	-0.011592319819017356	0.08306068776943425	0.0115463549911265	-0.05678131933499904	-0.00404048239113391	0.023393912134997676	0.030191287837415735	-0.006122605043883647	0.004376862426862352	0.034418460040303446	-0.026142955395036475	0.0014733319384643065	-0.02116887285327607	-0.0034066964761655235	0.006460011630621532	0.017610038001528203	0.005771153806623842	0.005665611767236177	0.006034723186927301	0.0033196716357709604	0.0006514604613689982	0.002053194698718593	-0.0009792561614616001	-0.0005034946519182844	0.0	0.0	0.0	0.0	0.0	0.0	0.0	0.0	0.0	0.0	0.0	0.0	0.0	0.0	0.0	0.0	0.0	0.0	0.0	0.0	0.0	0.0	0.0	0.0	0.0	0.0
G4-K4	0.5512396687145334	0.0022471834912935387	0.004458455195864842	-0.002222735131566235	-0.00470034741427975	0.020643806545118458	-0.009065578584125973	0.020205981392987966	-0.007614682006613233	-0.002515244752224907	-0.013148738245039114	0.008031067490117536	-0.009124636322145014	0.0016597491723653937	-0.036355410214342326	-0.010753809036377269	0.0007227833190619898	0.024256316839864542	0.009718505732754474	0.006827364436967168	-0.006231063428692705	0.0026244854514890304	0.002949873944496882	0.006019701871729787	0.000949630448631978	0.0010541328008704892	0.0	0.0	0.0	0.0	0.0	0.0	0.0	0.0	0.0	0.0	0.0	0.0	0.0	0.0	0.0	0.0	0.0	0.0	0.0	0.0	0.0	0.0	0.0	0.0	0.0	0.0
G4-K5	0.48325515930757773	-0.014032068502223853	-0.02571711730129843	0.08154587534670373	0.0258600553717422	-0.09250998816760742	-0.0030600925769543445	-0.008533794681514632	0.01160767817696418	0.017075120260046178	0.021308697227218173	0.011653725117832239	0.02724174692286238	0.011509105214112142	-0.012502292250610844	-0.004297385018163679	-0.0027173540926292944	0.02116046670843127	0.013786751675356621	0.0015632085178773486	-0.0017095158760839753	-0.0009661070477007567	-0.00030942872584347494	-0.0009238682973717437	0.0012507342321089485	7.78341772348748e-05	0.0	0.0	0.0	0.0	0.0	0.0	0.0	0.0	0.0	0.0	0.0	0.0	0.0	0.0	0.0	0.0	0.0	0.0	0.0	0.0	0.0	0.0	0.0	0.0	0.0	0.0
G4-L1	0.597606418516533	0.00013963463133450618	0.011951172958509726	-0.027440814170683447	-0.006900724678508133	0.01640666638119953	0.004204442408393122	-0.0020291415528380236	0.0053809142682082825	-0.003328010593867163	-0.0012066983808771796	-0.0009857473282496784	-0.008641944396087268	-0.00015295870549616956	-0.005410959177162767	-0.007386912691442038	0.003855218725551524	-0.00018152239369047558	0.008924768649079618	0.0051539391175350665	-0.008149951134428953	-0.013308164763668546	-0.0003269128664090538	-0.002477157724288896	0.0003257479661814717	-0.001970855871539114	0.0	0.0	0.0	0.0	0.0	0.0	0.0	0.0	0.0	0.0	0.0	0.0	0.0	0.0	0.0	0.0	0.0	0.0	0.0	0.0	0.0	0.0	0.0	0.0	0.0	0.0
G4-L2	0.6143698677501737	0.0033112248877672414	0.015861517011400976	-0.04320155028845366	-0.00882217467428724	0.012006188402411055	0.010428435879757192	-0.00951320848529867	0.015666911079276417	0.002472280596091867	0.002867004459891232	-0.008817585578124155	0.010067407680234315	0.005925075946271437	0.015152187578160541	0.0009140538867562188	-0.0004804469823462243	-0.02040431834654048	-0.01461839214564285	0.008614763613070177	0.017485526932099982	-0.005434969665640853	-0.0029823939677638017	0.004255836038670568	-0.0023518870074554824	0.0005274007227640223	0.0	0.0	0.0	0.0	0.0	0.0	0.0	0.0	0.0	0.0	0.0	0.0	0.0	0.0	0.0	0.0	0.0	0.0	0.0	0.0	0.0	0.0	0.0	0.0	0.0	0.0
G4-L3	0.5843828229891939	-0.0004372403473665026	0.008915963248208675	-0.03746528566432895	-0.00606215896901034	0.017221444037349203	0.010995680005669136	-0.006393159391694138	0.003532947098519544	-0.012027048349823755	0.0066880915444551626	-0.003994222398336499	-0.019809564141846057	-0.010704162748212174	0.004603506033934503	0.01472798048725458	-0.021800378557533986	-0.00461111977500284	-0.00995147415683717	0.016207989533283715	0.0017190094695613781	0.0005372238680466594	-0.0005774495018546037	-0.0024444195836745178	0.003936874280167955	-0.000715235324435593	0.0	0.0	0.0	0.0	0.0	0.0	0.0	0.0	0.0	0.0	0.0	0.0	0.0	0.0	0.0	0.0	0.0	0.0	0.0	0.0	0.0	0.0	0.0	0.0	0.0	0.0
G4-L4	0.5970635952861275	0.0281186980979402	0.004945974866038032	-0.038015249158789954	-0.002517995596573527	-0.011155468492529042	0.007755427064537504	-0.01990073375798279	0.004119380974441522	-0.0004465960184054342	0.015963254066694833	-0.022976931142152286	0.03697097191985477	-0.0015672887141469894	0.01068438338110651	0.024185003589952292	-0.024408952354589196	0.016764244288293356	-0.002513625253322251	-0.0034954575775841	-0.0030167633757455774	0.0032985056509487417	0.003254155501523495	-0.003600647512522505	-0.0006270915803961043	0.0001527563263231784	0.0	0.0	0.0	0.0	0.0	0.0	0.0	0.0	0.0	0.0	0.0	0.0	0.0	0.0	0.0	0.0	0.0	0.0	0.0	0.0	0.0	0.0	0.0	0.0	0.0	0.0
G4-L5	0.5935688589736341	-0.0009298171755081441	0.009803130751538366	-0.04435862091150247	-0.007955203183889072	0.01361736449136443	0.01589504062911476	-0.021752685534089048	0.018858880244531393	-0.0007233309177262131	0.008938098179088949	0.003272833626815726	-0.015290806776526914	0.000478884308492727	0.014827628926221114	-0.007951796204714307	0.01115596335082632	-0.0007337535012325702	0.002146452354782158	-0.007047590528457581	0.0006467410632426024	0.011588496881578883	0.005237133215354166	-0.0015652743022101586	-0.004194416842627812	-0.0010521298559768328	0.0	0.0	0.0	0.0	0.0	0.0	0.0	0.0	0.0	0.0	0.0	0.0	0.0	0.0	0.0	0.0	0.0	0.0	0.0	0.0	0.0	0.0	0.0	0.0	0.0	0.0
G4-M1	0.6071639186578398	0.023269036576638966	0.010952984317117746	-0.039359733155431065	-0.0019387168935622197	-0.0021788512559430583	0.0029046815867992365	-0.013877586666484549	0.008612324289582625	0.0033068660212240883	0.015046027002791637	-0.025146464802990535	0.04895216317345697	0.010113181252426669	0.015690212732321247	0.0017389587200391417	-0.007628956055711696	-0.010029062728854182	-0.0007187502509465986	-0.011715447180647279	-0.009277186119510814	-0.00508364167975531	-0.003470379130887393	0.004575924907034718	-0.0002834520770247867	-0.0008707747895815692	0.0	0.0	0.0	0.0	0.0	0.0	0.0	0.0	0.0	0.0	0.0	0.0	0.0	0.0	0.0	0.0	0.0	0.0	0.0	0.0	0.0	0.0	0.0	0.0	0.0	0.0
G4-M2	0.5263233592242316	0.005686566093431715	0.002348091994129143	-0.008000129180330098	-0.0037533713173399904	0.022765098968476928	-0.010412646943423054	0.02543607144543957	-0.0053314760280127075	0.006511003084452414	-0.006521624079187735	-0.013723693230001846	0.009933336022745614	0.022102136681405152	-0.030043972143126572	-0.01656180886273562	-0.00488682423198897	-0.005003770199753146	-0.015789598704699686	0.0030039587010857287	0.006891789180864311	-0.0034486892152857424	0.01288828125061062	-0.00015769506222293176	0.0004323699136576046	0.0005462707014938112	0.0	0.0	0.0	0.0	0.0	0.0	0.0	0.0	0.0	0.0	0.0	0.0	0.0	0.0	0.0	0.0	0.0	0.0	0.0	0.0	0.0	0.0	0.0	0.0	0.0	0.0
G4-M3	0.5002820877250006	-0.05815767546166724	-0.008817760550087896	0.06241533139156726	0.006732393620939426	-0.03611071987355185	-0.009230597207640632	0.019681137847392928	0.031699631954458796	-0.012461219932443047	0.006756118076993967	0.013104822586651776	-0.013830757617278705	-0.0017679302565435963	0.015845422709286124	0.004409858875040601	-0.006638830408571472	-0.014174570850656714	-0.025401757798045124	-0.012871578503183304	-0.002014680690151348	-0.0035360201703243275	-0.0033759760620683393	-0.0008459853004940898	-0.0011350791903877511	0.0001519375932671918	0.0	0.0	0.0	0.0	0.0	0.0	0.0	0.0	0.0	0.0	0.0	0.0	0.0	0.0	0.0	0.0	0.0	0.0	0.0	0.0	0.0	0.0	0.0	0.0	0.0	0.0
G4-M4	0.5439995858017233	0.001011074146049804	0.005374855377800329	0.007349597216159864	-0.009436530140529595	0.03797310676366022	-0.02402285719201002	0.03418249518150038	-0.013975514904971597	-0.012913006663660931	-0.026030142754278483	-0.010419120582965602	0.007656823533192672	-0.009925533206278711	-0.017249107246402304	0.0055663623582765595	-0.012611519965639263	-0.013118121816987554	-0.006242283228521173	-0.013419335814943888	0.0022474189777538906	0.01185789472921811	-0.006315496155894707	-0.0015713512746024425	-0.000279704744932379	-0.0018462522220235456	0.0	0.0	0.0	0.0	0.0	0.0	0.0	0.0	0.0	0.0	0.0	0.0	0.0	0.0	0.0	0.0	0.0	0.0	0.0	0.0	0.0	0.0	0.0	0.0	0.0	0.0
G4-M5	0.516722860186154	-0.01637521961211853	-0.0047831908981970615	0.020755451692204805	-0.013216770580929738	0.01516239490188499	-0.03333955814766222	0.035881457145800495	-0.008582565074561939	-0.02443054943070076	-0.01597720625552212	0.0325013334908501	0.009875389849707525	-0.004316275112770271	0.0348022662935852	0.030250758045876132	0.009984092190889946	0.005563189766742089	0.004882350101163485	-0.008462004627442506	0.00046790048981368597	-0.000775368145370705	0.005380929551363482	0.00201732174026228	0.0008576962990934097	0.0009313118163823106	0.0	0.0	0.0	0.0	0.0	0.0	0.0	0.0	0.0	0.0	0.0	0.0	0.0	0.0	0.0	0.0	0.0	0.0	0.0	0.0	0.0	0.0	0.0	0.0	0.0	0.0

Biplot	0	0

Site constraints	0	0
