Eigvals	24
1.2875390988125033	0.5426346577718691	0.3135775892109928	0.24268154199157832	0.16456501450221112	0.12366919049182667	0.08447739002817692	0.05641190956111925	0.05210413409374739	0.049817740132836734	0.02729758438412666	0.02349486272949569	0.020236111720871343	0.010721634584075324	0.005455281379841918	0.003155154014895443	0.001169934452675516	0.0	0.0	0.0	0.0	0.0	0.0	0.0

Proportion explained	24
0.4278947559190751	0.18033667843925985	0.10421291758897441	0.08065165498455523	0.05469077154875358	0.04109964359840837	0.028074822908388596	0.018747671658939803	0.017316045595028178	0.01655619605978608	0.009071952236634326	0.00780817340790809	0.006725175253737539	0.003563178172715444	0.0018129828419581541	0.0010485692110911023	0.00038881057478613114	0.0	0.0	0.0	0.0	0.0	0.0	0.0

Species	0	0

Site	24	24
G3-PF1	-0.018306921268369452	-0.19134743086787545	-0.1409529293913575	-0.3284198600113351	-0.07756293286520076	0.08636000979969342	-0.013301024778446783	0.004424217351269583	0.028551556147395237	0.015971244765991405	-0.016232312155520193	0.005917070555258916	-0.007837138488982074	0.005965487096677042	-0.006336184642465128	-0.0026601020428621684	1.924170883732143e-05	-0.0	0.0	0.0	0.0	0.0	0.0	0.0
G3-PF10	-0.05432884649435919	-0.2648501736864732	0.05483043846918483	0.0507256706818568	0.04742981665507285	0.01734256483962567	0.09536391357544649	0.018705594801976064	-0.06899167719924387	-0.028509730802648795	0.01633418716448376	0.045897892582519625	-0.018161363573816862	0.0007505859740329719	0.0028028291989202836	0.020272710269260637	-0.005174478600858836	-0.0	0.0	0.0	0.0	0.0	0.0	0.0
G3-PF11	0.16980572458475127	0.13873217961247536	-0.026069634349002804	0.07640731829126479	-0.0014577024116839475	0.0864798698498103	0.009907304933126863	0.05374215271490098	0.032418308684415524	-0.030337975808329677	-0.008521244796508074	-0.0353690966741641	-0.038226332353011525	-0.011473886532102405	-0.026799216870968593	-0.012171563550232013	-0.005123548785686644	-0.0	0.0	0.0	0.0	0.0	0.0	0.0
G3-PF12	-0.14705404037778538	-0.29930267652387327	-0.013294897314294653	0.07143130947306403	0.03151580594211376	0.09882335722005246	0.09893475036824925	0.038406038925761984	0.018696971567533204	0.02055963199181427	0.02082711159420111	-0.08510553527265907	-0.000142556374323209	0.011881806734545782	0.00203632225511862	-0.005502388013386634	0.0047579632972180475	-0.0	0.0	0.0	0.0	0.0	0.0	0.0
G3-PF13	0.15758342595777378	0.08484909746850676	-0.08603575842828623	0.034936706430633235	-0.007713157932082961	0.00823797168076164	0.07531629531835748	-0.0074713176500245835	-0.0022815479911076748	0.04256611105151523	0.07191583762740512	0.033034150677605074	0.08164778845460118	-0.02317633024531904	-0.010796070088817129	-0.01802481596210731	-0.002772619856374892	-0.0	0.0	0.0	0.0	0.0	0.0	0.0
G3-PF14	0.20415429439030414	0.11289242259086019	0.053915056345096704	-0.0170871902611496	0.01975429748407256	0.05414000248663854	0.000983022625512327	0.052572661321682354	-0.02315769991769484	-0.043608452288403966	0.010304486672147615	0.02532605045548537	-0.007722286012461878	0.010790306410253444	-0.0063433341351113205	0.004408304335753831	-0.00014586667806810292	-0.0	0.0	0.0	0.0	0.0	0.0	0.0
G3-PF2	-0.4899582742231511	-0.1052239185498742	-0.24021823862474978	0.21035683258626084	-0.16684296460977127	0.011034964890765426	-0.11616929139497924	-0.0007529097505544511	-0.016767037451592283	-0.019340373111435005	0.012321439659029728	0.01403585935002175	-0.005595265033701609	-0.006445080421370711	0.00398331638723232	-0.00041017288924154643	0.00021946600295790947	-0.0	0.0	0.0	0.0	0.0	0.0	0.0
G3-PF3	0.045921904797038136	0.06757593155893707	0.061622240347111765	0.06815529023712431	-0.026154662713537568	-0.09436142541845195	0.0006423925619956893	0.08912031654494582	-0.0594997102816721	0.12785237106790062	-0.013011781378760452	0.01712670218286912	-0.028955693790088218	0.035619545078399616	0.0017863648660464732	-0.011070597766712285	0.006832617402094298	-0.0	0.0	0.0	0.0	0.0	0.0	0.0
G3-PF4	0.22698295717977346	0.156262699938719	-0.01738457481142324	0.017730888711639532	0.0029537659469056708	0.06907991752934466	-0.005840861995548794	0.02855937968378784	0.04197844388944941	-0.05400211175503016	-0.01883134722014191	0.002627282895398085	0.005526012099744335	0.01917834594584597	0.048511323824759	-0.004761555282137919	0.003026878636767397	-0.0	0.0	0.0	0.0	0.0	0.0	0.0
G3-PF5	0.12228617507295865	-0.031829942801151846	-0.029340150556099107	0.06914107314063717	-0.02998950847262251	0.05044407684388663	0.07094426276443355	-0.047165248315676325	-0.017245151346280036	0.011188375459033995	-0.02580781767362751	0.02212940351548974	0.020809613161189056	0.010224192746025082	0.007402157334098618	0.02142484784660286	-0.0024308673420320877	-0.0	0.0	0.0	0.0	0.0	0.0	0.0
G3-PF6	0.022638387227297878	-0.013770037220498764	-0.07239534715897315	0.03831822798155883	0.014301020864908363	-0.1648882151150271	0.056297680269990956	-0.028809604746443566	0.15334357131483056	-0.015339124308466746	0.03835757670622126	0.021019386927407697	-0.03758877859709895	0.020379177729459814	-0.0035195531470762318	0.004405541931498737	-0.0014705214069156841	-0.0	0.0	0.0	0.0	0.0	0.0	0.0
G3-PF7	-0.5665418997618105	0.3168753620117844	-0.15761637488179325	-0.08179816638368836	0.24095443454962678	0.021473392939168924	0.003798632263796218	-0.00035987311409991097	-0.028180966115689012	0.0050307520536140215	0.014539110031572683	-0.00489327077117339	-0.00741272107001821	2.963519484319558e-05	0.0017278044691593267	0.006337223346865198	0.0018043652462435846	-0.0	0.0	0.0	0.0	0.0	0.0	0.0
G3-PF8	-0.5823161089051244	0.1931139679194186	0.31867131794274195	-0.08650615478518599	-0.1782847095046146	0.012650184437858297	0.06302913258846743	-0.01602244900965812	0.019435349154836634	-0.011021355413198763	-6.615444610132613e-05	0.0036812971128836417	0.0034321545294256563	-0.0027194617958017685	-0.0005130394870681203	-0.0024434964473311433	-0.0012863157306499437	-0.0	0.0	0.0	0.0	0.0	0.0	0.0
G3-PF9	-0.06175529662807858	0.016911690868647404	-0.09689929056419183	0.03874125831224422	0.015150362516461685	-0.1080715958181137	0.06303537076710986	-0.018598667912064937	-0.01275590016440418	-0.03464864606705054	-0.11401393627053742	-0.014218284736638958	0.04346151340997874	0.005761311668726747	-0.005166584214856509	-0.01093445861379872	-0.004542713608900255	-0.0	0.0	0.0	0.0	0.0	0.0	0.0
G3-WF1	0.16523915714567902	0.020454855485658598	-0.14319778719726678	-0.13949328471230715	-0.06323896119080039	-0.009530431300542956	0.01036699218239324	0.010942632067856159	0.004412559539564397	0.06535924152920575	-0.020144893247446893	0.025925600282840168	-0.020786058289807334	-0.03152327785405139	0.006108429810534615	0.006259676073259001	0.004063555103505507	-0.0	0.0	0.0	0.0	0.0	0.0	0.0
G3-WF10	0.13614723861515457	0.0745064265795035	0.0815753360652339	0.054109234958467804	0.020743033588343816	0.031437413308330275	-0.051259354047024246	0.01919112606635968	0.004614167367770901	0.008256057366340967	0.012789992530485964	0.007805425768673269	-0.022266543297203446	-0.029007885951964348	0.014944170516395185	-0.002892797714538537	-0.0133147531037234	-0.0	0.0	0.0	0.0	0.0	0.0	0.0
G3-WF2	0.1307161437113141	0.11405526920058626	0.06908535125269213	0.06662751008987848	-0.0021218745728794008	0.015928553163256972	-0.06494813878118809	0.00046049778025139375	0.039032241396715545	0.02205607068939022	-0.014237995781532243	-0.022186866953159093	0.02916196673281349	-0.0045449316473230306	-0.02668690099080121	0.029306558533767603	0.012747120967839266	-0.0	0.0	0.0	0.0	0.0	0.0	0.0
G3-WF3	0.08923192516129429	-0.014725109897457471	0.020208869829683916	-0.09538926936441872	-0.03266399040737799	-0.12876494289964244	-0.06512452002650294	0.06437679503316757	-0.018575187437164617	0.0023216377309857586	0.023609285022355618	-0.06698468183670879	0.03511982644582512	-0.004794058412304861	0.009970848720546257	0.015873922781176022	-0.013825474146637505	-0.0	0.0	0.0	0.0	0.0	0.0	0.0
G3-WF4	0.16837737479670487	0.029639445629147377	0.03215393013214601	-0.007512449039387116	-0.029494750645320367	0.025106220246404035	-0.0414741376598588	-0.032740784567749426	-0.00679390351088596	-0.037531269153457746	0.025372231832067924	-0.0021988667650927906	0.030183035242390438	0.015021515932073893	0.010370116625996779	-0.00495527141497143	0.014197135802991524	-0.0	0.0	0.0	0.0	0.0	0.0	0.0
G3-WF5	-0.011159574272078613	-0.16175064399261874	0.11968810642195209	0.029172775359192007	0.07885646449324107	-0.06397137007470395	-0.0015088154466783243	0.0024438449395723936	0.009063964454741625	-0.01574437437456109	-0.02574948239618419	0.002663287509937649	-0.0168215687521612	-0.06851010964543836	0.008622055115858781	-0.0066404243800614994	0.011266411082436999	-0.0	0.0	0.0	0.0	0.0	0.0	0.0
G3-WF6	-0.15578901936138775	-0.2673107755727607	0.1650858573181923	-0.019484427968105632	0.1501081512689029	0.025170520266473262	-0.1230363802285732	-0.024798958798266366	0.04669091483380674	0.03707722342283341	-0.010498999173680561	0.030622266368821534	0.030370091156945136	0.021312801837365607	-0.0019185678593053638	-0.009426017716498137	-0.004878950470322605	-0.0	0.0	0.0	0.0	0.0	0.0	0.0
G3-WF7	0.1855998288303794	0.07174690955751016	0.020903831195144596	0.028850560320956516	-0.004410574128880678	0.019411353819948674	-0.00899006948329489	-0.17098383451093885	-0.04074310772731377	0.06416584792027265	0.00590790066222749	-0.04373801799130672	-0.036249434069533716	0.002368276593901826	0.005673766668853729	-0.0025583038020651604	-0.004579595593077972	-0.0	0.0	0.0	0.0	0.0	0.0	0.0
G3-WF8	0.16049422395765686	0.020327735108709753	0.02083130671444096	0.021717026223399428	0.0005520109735482205	0.05240881375697838	-0.03836529318694631	-0.006185363356499203	-0.015224375435850765	-0.03775146720926817	-0.024734967383159223	0.027687045523418347	-0.014666179111999774	0.011201220867235661	-0.025855927973874936	-0.005096531275206485	-0.005865671718280761	-0.0	0.0	0.0	0.0	0.0	0.0	0.0
G3-WF9	0.10203121986406419	-0.06783328441788093	0.004833341243816622	-0.100730880272602	-0.002383374828424639	-0.11594120645251386	-0.018601863189836126	-0.0290562454995562	-0.08802178377216072	-0.09456968475704763	0.03957177242100455	-0.01080410070772914	-0.017280082418707123	0.011710812696293697	-0.010004126383172949	-0.008740288247032189	0.006476621790641624	-0.0	0.0	0.0	0.0	0.0	0.0	0.0

Biplot	0	0

Site constraints	0	0
